structure(c(5.68862920377812, 6.27098957640275, 5.24540118766292, 
4.71462047582373, 4.64973357225192, 4.92820687312135, 4.36984927338692, 
4.66332284256973, 5.08227918540961, 4.8017620780004, 4.89985616487261, 
6.0206387742379, 5.76790518332642, 4.07997370051034, 5.38972893736921, 
6.42924359205733, 4.57146154526046, 5.407490964233, 4.66249848006616, 
4.84109557321153, 5.47944815789993, 4.42369693766694, 5.34721721220623, 
4.66831707240883, 5.08534921698422, 4.75115482794356, 5.51036503532524, 
5.24397972176267, 5.29697497242907, 4.99572175131486, 5.76811373298392, 
5.57289729312267, 4.79535862130206, 5.37814055203063, 5.13791642735601, 
4.79694928444406, 4.62631905898969, 4.74240763844181, 5.04560794276282, 
4.09285954729475, 4.83552039277783, 5.06368596722897, 4.30968124990994, 
4.69192325763117, 5.04507602737541, 4.78230441591303, 4.23070805981622, 
5.44183926045005, 5.19709238909657, 4.87202039294045, 5.38669806322176, 
4.32362486835296, 4.37735084281872, 4.83792355850515, 5.16603532757448, 
5.31160773359965, 5.51231113142978, 4.71445046521258, 5.89146520172548, 
5.00359954795853, 4.44092865078456, 4.59166627097953, 5.37706287705935, 
4.67898473329933, 4.97068546915277, 5.72650163790499, 4.40700311638517, 
4.22512928393651, 5.27115619747305, 4.83049833657203, 5.55212883859691, 
5.63522305586517, 4.8895567140759, 4.63353590403806, 5.29927542490159, 
4.01588072908361, 4.89448060572025, 5.26996058602216, 5.62506790843269, 
4.99736309253951, 5.81935567891008, 5.02901364115844, 4.30853085224231, 
5.63831778422106, 4.45763185479885, 4.68162588971364, 5.40212676656225, 
4.19282555567974, 5.19847319965595, 5.44239158956096, 5.43202582185175, 
5.89678733878878, 5.05236636376043, 5.03382154000088, 5.93628972418765, 
4.32309992419102, 5.69016896753502, 5.45285361142767, 6.55876133668655, 
5.32537603090674, 4.76037176078996, 3.62289903775764, 5.23654858070657, 
4.65146022894078, 5.26548497209713, 4.97458147041217, 4.62821647516819, 
4.97843462010332, 4.70578574021921, 4.03783796760374, 4.90907684596624, 
5.71126377927212, 5.77609066830066, 4.16668692822145, 5.30964343144421, 
6.15885507836751, 4.21916067204496, 4.71764437006771, 4.41670297782279, 
5.45911294816078, 4.9548110824654, 5.37295861171701, 5.10412404737381, 
4.99056339594541, 4.23331815881762, 6.01176796278692, 6.34716620349575, 
4.32648097081059, 4.99815179263492, 5.48771084951248, 6.02620859125878, 
5.33338504748388, 5.59256998039778, 5.19368521023868, 4.98808056062502, 
4.54745118239424, 5.53408504641831, 5.94908014708119, 5.11870675923859, 
5.10461794529135, 4.74450397851672, 4.9332816359622, 5.5395436711885, 
5.39021817074242, 4.32458728444118, 5.42541031883346, 5.5263433025565, 
5.03279952919164, 5.95126451979786, 4.91373705830571, 4.77986563117534, 
4.55008402273023, 5.44433081054631, 4.16137861523207, 5.43145779176446, 
4.82603416274423, 5.37564220856705, 4.43683260788765, 4.70302617373821, 
5.0984625242031, 4.75532651836064, 5.10927043068998, 4.98665921548968, 
4.91673453264112, 4.75587674087686, 4.84396190845359, 5.4848996678758, 
4.62464138615535, 4.74967656909745, 5.25973343331529, 5.10991227501831, 
5.15694495762979, 5.27424592303689, 4.8114046311403, 3.75141822198338, 
5.49161943826419, 5.25308865484938, 5.19098979967412, 6.09904987141623, 
5.06773319617204, 5.81413173517144, 5.90721463865395, 5.27173705779887, 
5.0996149616481, 5.88158927715238, 5.43088563460709, 5.60011364185831, 
4.8677006009793, 5.27457782128347, 4.83205915201128, 5.1696330274776, 
4.97503984758505, 5.19410765760615, 5.26421391275491, 4.4344634255883, 
5.0195073581598, 4.76687895227705, 5.12007425143364, 5.6947907702199, 
5.00527984861135, 4.91230236672815, 4.33837899816539, 4.97648624802385, 
4.67968726665876, 4.60568137225353, 6.17956864754062, 4.99696215665425, 
4.70098547329641, 5.22953795912485, 5.14692437697794, 5.77576309939718, 
4.38571709402467, 6.46168647672543, 4.66068443424161, 6.18049084069225, 
4.74104993843939, 5.45948975063426, 5.41453926804513, 5.95349837154844, 
5.51818802177152, 5.36950481055332, 4.99613937610022, 4.14032050412513, 
7.08101053452276, 5.76022306881876, 4.77999976748905, 4.26136254085199, 
5.2782252746094, 4.6665419038886, 4.59745252964811, 5.43799251170132, 
5.31108047616162, 5.33735467868425, 5.00053511056891, 5.11330635994148, 
4.27720655970772, 3.81553282564492, 5.50944735772694, 5.60759036728576, 
4.39152597474317, 5.53625909885641, 5.7768874401512, 5.19790490401896, 
6.18912957385291, 5.00641471942279, 5.76575243026698, 5.09394521422229, 
5.38073654721233, 4.54231861427176, 4.55374727002594, 4.98676340365154, 
5.92002787317479, 4.916300411105, 5.41613956570523, 5.00565641994158, 
5.77703714056818, 4.62824750327801, 5.81365555352995, 5.01012603665484, 
5.25678024012093, 3.95382399197967, 4.48340617010978, 5.4002048426167, 
5.67055288962786, 4.8966115204681, 4.26818620847923, 4.03651306932589, 
5.51200464208239, 4.93156902888844, 4.99495734280612, 6.28796040930312, 
5.30855457359402, 4.87511965986031, 6.34700134345903, 5.39918539916806, 
5.50485594511381, 4.89512427192074, 5.36144569409384, 5.01109524973436, 
6.08565658470056, 4.55085702751615, 4.69372962381457, 5.72735752977239, 
4.35956424389516, 5.38763514872475, 4.97289055725163, 5.07271170302453, 
4.64038683746561, 5.6993144391437, 5.47321767648, 4.93468529401415, 
5.76633597796906, 4.51567880162343, 4.78032588216431, 5.20712240703435, 
4.97400477515508, 4.04249653824886, 6.21824987782398, 4.73957555775696, 
5.29105664931698, 4.79469411209775, 5.30704952012121, 4.92550123553077, 
4.8725360041217, 4.91744533610034, 5.29973716930765, 4.58552211391205, 
4.82216470642919, 5.40952658225724, 5.82392991435586, 6.35253094007626, 
5.18665372771533, 5.33864039386822, 4.54300246038957, 5.21824661875747, 
5.39270281016594, 5.25467283588017, 5.77249818847454, 4.79388246294511, 
5.23938196645228, 5.09994833049666, 5.19849824088344, 6.10160548785983, 
5.36168325628704, 6.11086631590136, 4.87246705383956, 5.26670939231222, 
4.95002752860624, 5.1696200317925, 4.78381851885736, 4.5376252271602, 
5.94119012993661, 4.7101194225011, 6.34999427081185, 5.64999904487985, 
4.32465310123419, 5.699065715304, 4.53984163583731, 5.51021242846706, 
3.92183149826595, 5.60634588159306, 4.80257727880215, 6.31496751333079, 
5.20107543337932, 5.65826010764111, 4.91647487478167, 5.07664753979151, 
5.34246818218529, 3.7422642550407, 5.80315525576273, 5.29784930411857, 
5.13619578858668, 4.93883636393422, 5.79836745376363, 4.87472146543752, 
5.29405763646974, 4.84551856919868, 6.3486840505054, 5.45615497075197, 
5.54056916790035, 4.42524096456594, 5.67048431993409, 4.38499385964771, 
4.81696389804318, 4.35366684125325, 5.47960655532726, 4.64810445886278, 
5.32491388196143, 4.46150970402903, 5.23205489367853, 4.91059703161932, 
6.02969111999256, 4.8576293841745, 4.48688594180566, 5.0822589788297, 
4.45120631277755, 4.79782785580373, 4.47031526269381, 5.66749820083934, 
6.11994332630921, 5.29649349941112, 5.63958682385351, 4.97960188051776, 
5.30355283688904, 5.58892792218154, 5.4203198562735, 5.21708175138837, 
6.00848661677803, 4.51719309817979, 5.35636690716768, 5.52048835880978, 
5.42981654594364, 5.37191639140501, 5.68390115439431, 5.70147631448769, 
4.23770127313555, 4.40282139568894, 6.18192396882547, 5.07889085931006, 
5.00348045695285, 4.76375385844417, 5.28978848584919, 5.51506842583743, 
4.02374439836879, 5.89851383930509, 5.38196023971836, 4.82323942329693, 
4.48973850765296, 5.34924252855618, 5.455446862026, 4.92200899369991, 
5.47410669986001, 5.07845112883286, 5.40644538271174, 5.36695754558159, 
5.13776555200008, 4.99986918554629, 5.89421730686052, 4.67606820402386, 
3.81186023646684, 5.01193266289681, 4.18796173735123, 5.34608893035668, 
5.09474016535784, 4.77969446587298, 5.44427449323977, 4.48009545274367, 
4.85125245500931, 5.61630290611661, 5.27352551212604, 5.1476606784295, 
5.3044413849405, 5.88606164775913, 5.51013447835089, 3.91427901104506, 
4.83301850319879, 5.05856118619274, 4.77727070418108, 6.11895295520988, 
5.72771264237586, 5.20991055524806, 4.36305362428635, 5.80165126585204, 
5.79820276641946, 5.70784654659364, 4.82944702827359, 4.64278323897689, 
5.77219344784871, 5.08743382786501, 5.50802328519968, 4.80672564824815, 
5.51805383392672, 4.3189807541024, 4.38386282167117, 4.82881772662811, 
4.98972639086214, 3.93269451019666, 4.82941654999012, 6.6789744686913, 
5.32297850173667, 5.34392072777315, 4.73019750642417, 5.6379094002125, 
4.81534071677021, 5.52330331517829, 5.23060145830503, 5.28516381659898, 
4.88105203871772, 5.53271126077623, 4.84001656593983, 6.06650822340456, 
5.22579971617869, 5.53669714262654, 6.53600134522298, 5.135703386506, 
5.03875231642595, 5.26937484568051, 6.16740707216618, 4.27423911266864, 
5.14795396870204, 5.18887337327, 6.59596256823174, 5.29585299326858, 
5.05262413715535, 4.86770425729845, 5.05553735034542, 4.87504121361544, 
3.94462271809863, 6.35490179915157, 3.87631939219373, 4.68390425288961, 
4.1776087362758, 4.74732225676316, 4.75106620636679, 4.66462418206906, 
5.21204962336579, 5.82509911436951, 5.10359206918154, 5.9499267720897, 
4.25345551055736, 5.67266870686832, 5.29661533048831, 4.31620339886098, 
5.31571956754235, 4.73288228695328, 4.39582178431231, 5.44274372668753, 
5.02192102864711, 3.83621517913116, 5.62149227261698, 4.93502916614415, 
5.3967371856398, 5.90328093619911, 5.37248962373972, 4.12413192455221, 
5.02696736953819, 4.61429126516574, 4.84284029695665, 5.27942583194569, 
5.29683654834617, 6.52625928711271, 4.80079103620726, 6.32347611201666, 
6.03175911236458, 5.17076388475965, 6.60694957692731, 5.31938432123759, 
4.64660439220138, 5.14116006743858, 4.17380624371486, 4.77410992479333, 
4.07776852361142, 5.49263947234848, 6.07079004606856, 4.88081909107147, 
5.85929803810839, 5.2377950462128, 4.84196516644245, 5.07598688635307, 
5.05909322321974, 3.88413336863978, 4.63926542071627, 4.50294388003613, 
5.76841691492011, 3.64879303164646, 6.44787988601856, 4.23988307539738, 
3.93762103962407, 5.63671225643776, 5.98745485092879, 5.30275896588478, 
5.75102123365472, 5.07244981270702, 5.85291973023182, 5.04246917275925, 
4.79389573323973, 5.60808347774188, 5.37105000185745, 5.13455747755413, 
5.0937163109144, 5.87943013143236, 4.54555936581018, 4.17633382069201, 
5.61409077318303, 5.68227563082253, 5.59482956900749, 4.78191393476989, 
4.71880605513317, 6.0524043361101, 5.49961648869198, NA, NA, 
NA, NA, NA, NA, NA, NA, NA, NA, NA, NA, NA, NA, NA, NA, NA, NA, 
NA, NA, NA, NA, NA, NA, NA, NA, NA, NA, NA, NA, NA, NA, NA, NA, 
NA, NA, NA, NA, NA, NA, NA, NA, NA, NA, NA, NA, NA, NA, NA, NA, 
NA, NA, NA, NA, NA, NA, NA, NA, NA, NA, NA, NA, NA, NA, NA, NA, 
NA, NA, NA, NA, NA, NA, NA, NA, NA, NA, NA, NA, NA, NA, NA, NA, 
NA, NA, NA, NA, NA, NA, NA, NA, NA, NA, NA, NA, NA, NA, NA, NA, 
NA, NA, NA, NA, NA, NA, NA, NA, NA, NA, NA, NA, NA, NA, NA, NA, 
NA, NA, NA, NA, NA, NA, NA, NA, NA, NA, NA, NA, NA, NA, NA, NA, 
NA, NA, NA, NA, NA, NA, NA, NA, NA, NA, NA, NA, NA, NA, NA, NA, 
NA, NA, NA, NA, NA, NA, NA, NA, NA, NA, NA, NA, NA, NA, NA, NA, 
NA, NA, NA, NA, NA, NA, NA, NA, NA, NA, NA, NA, NA, NA, NA, NA, 
NA, NA, NA, NA, NA, NA, NA, NA, NA, NA, NA, NA, NA, NA, NA, NA, 
NA, NA, NA, NA, NA, NA, NA, NA, NA, NA, NA, NA, NA, NA, NA, NA, 
NA, NA, NA, NA, NA, NA, NA, NA, NA, NA, NA, NA, NA, NA, NA, NA, 
NA, NA, NA, NA, NA, NA, NA, NA, NA, NA, NA, NA, NA, NA, NA, NA, 
NA, NA, NA, NA, NA, NA, NA, NA, NA, NA, NA, NA, NA, NA, NA, NA, 
NA, NA, NA, NA, NA, NA, NA, NA, NA, NA, NA, NA, NA, NA, NA, NA, 
NA, NA, NA, NA, NA, NA, NA, NA, NA, NA, NA, NA, NA, NA, NA, NA, 
NA, NA, NA, NA, NA, NA, NA, NA, NA, NA, NA, NA, NA, NA, NA, NA, 
NA, NA, NA, NA, NA, NA, NA, NA, NA, NA, NA, NA, NA, NA, NA, NA, 
NA, NA, NA, NA, NA, NA, NA, NA, NA, NA, NA, NA, NA, NA, NA, NA, 
NA, NA, NA, NA, NA, NA, NA, NA, NA, NA, NA, NA, NA, NA, NA, NA, 
NA, NA, NA, NA, NA, NA, NA, NA, NA, NA, NA, NA, NA, NA, NA, NA, 
NA, NA, NA, NA, NA, NA, NA, NA, NA, NA, NA, NA, NA, NA, NA, NA, 
NA, NA, NA, NA, NA, NA, NA, NA, NA, NA, NA, NA, NA, NA, NA, NA, 
NA, NA, NA, NA, NA, NA, NA, NA, NA, NA, NA, NA, NA, NA, NA, NA, 
NA, NA, NA, NA, NA, NA, NA, NA, NA, NA, NA, NA, 5.04553881772556, 
5.97143934495716, 5.03690462739415, 4.47958320717031, 5.02985296534911, 
4.7753224781964, 4.20372438517892, 4.69719921338793, 4.76031260989514, 
4.77909591829271, 4.84796005513831, 5.83861012238865, 5.31755515655038, 
4.11584010491931, 5.33612154734686, 6.29348076221329, 4.62769866403481, 
4.8484279664937, 4.76077060460645, 4.8697767620442, 4.55428475170737, 
4.39710326485029, 5.03175369136068, 4.70684251333962, 4.49042597541837, 
5.00814322708667, 5.36986218405491, 4.68765251486199, 5.1693960436572, 
4.79516797164642, 5.69306951556416, 5.16308733701122, 4.38780378387619, 
4.74216368311972, 5.31179563655777, 4.67450833316585, 4.43842036837903, 
4.57766577615236, 4.8338019990999, 4.30842528257987, 4.99419040286799, 
5.15705780286065, 4.16323669518345, 4.64319437093416, 5.2774548582908, 
4.91120790310255, 4.44342399163796, 5.17880818403633, 4.79187594326761, 
5.14745990033691, 4.90010701182645, 4.28591274401666, 4.14109684724989, 
4.82039147673009, 5.16130804554654, 5.12611833307336, 4.87132915363578, 
4.54156420104709, 6.05732269862984, 4.48414966629624, 4.67666809435497, 
4.44541376689469, 5.55860647476535, 4.35487756295425, 4.57374896680679, 
5.47696485649435, 4.33589309443345, 4.04798083921051, 5.16327651107507, 
4.47712549940449, 5.23907679291117, 5.69838625197596, 5.34949243897838, 
4.76937023636368, 5.11813064997058, 4.33359756311466, 4.2854395208412, 
4.82227081098831, 5.66768165446999, 4.21552164421156, 6.15868251196061, 
4.62284058123749, 4.04694184743678, 5.73233327297493, 4.44241188388137, 
4.44418121715642, 5.8533669801215, 4.18750765824851, 5.03321509323537, 
5.34363165213848, 5.08526355194423, 6.1255526411402, 4.98887178096118, 
4.60360247403303, 5.49036067342181, 4.35747643327993, 5.60476272401793, 
6.00984205058371, 5.85314517297386, 4.97692952991223, 4.44961597369662, 
3.59994444772084, 4.54859776905403, 4.5535653483589, 5.07919062268791, 
4.76596483287649, 4.57488623242963, 4.87259406406597, 4.44610961630294, 
4.02084275067691, 4.77463846895379, 5.51842499886849, 5.79597223651057, 
3.74124159312475, 5.24892362420282, 5.87135776397616, 4.29186760583134, 
4.86179794353774, 4.07371752229891, 5.64564249706507, 4.61330150062152, 
4.9098787120221, 4.89001107691694, 4.86868392914605, 4.28121187655644, 
5.83265117125481, 6.4616384431632, 4.36552989926409, 5.49002661251268, 
4.94327839340498, 5.83394395757015, 5.21115138659621, 5.34035303344915, 
4.45923949061779, 5.02402608177008, 4.26715834199065, 4.76350690677903, 
5.9696324571951, 4.64101469364212, 4.79960458823368, 4.95816756774228, 
5.08024233961587, 5.72941077882455, 5.52538775870531, 4.33706603162017, 
5.53679629518491, 5.59368325435693, 5.08516143131607, 5.51340144080967, 
4.89165976144019, 4.59085567441686, 4.33709480352377, 5.44174656833175, 
4.11535036792196, 5.1189881673706, 4.38116293879267, 5.16212680946923, 
4.26568433494074, 4.5497432869008, 4.66353839124847, 4.80316039801676, 
5.20602646156164, 4.8486031169315, 4.44188167402512, 4.5610393877312, 
4.45397372797255, 5.67809712204829, 4.31233837637064, 4.51714911716432, 
4.89094982718694, 5.28303175764537, 5.15138289819644, 5.24822961815439, 
4.73836453074618, 3.83646460731785, 5.20137634706655, 5.08485510533222, 
4.7791774934256, 5.96475002344152, 4.93509259324769, 5.92161956083885, 
5.93334325687164, 4.88288532610972, 4.56566487545204, 5.44332925034338, 
5.28370626254578, 5.84543310378597, 4.30278820101024, 4.78292610789883, 
4.50457032870416, 5.68100281840273, 4.94952760413158, 5.25212537199393, 
4.93359354270249, 4.4200423391449, 4.64349045895835, 5.0487328685184, 
4.51165624222164, 5.27132771989441, 4.94756288729517, 4.60378715391739, 
4.32112857492496, 4.79491071461488, 4.72178636155808, 4.60520327610266, 
5.94163217164018, 5.50251012729262, 4.50566009264052, 4.45366796117011, 
5.19630262637564, 5.68480475496312, 4.42412525045375, 6.62911137092069, 
4.68729121610851, 6.01685903655039, 4.66333813857174, 5.67521136810671, 
5.16243243133768, 5.55104868551671, 5.14384265005321, 4.81777450045343, 
5.30941783170919, 4.07605865520263, 7.26695227333205, 5.38038964978773, 
4.42878788366442, 4.11080261763318, 5.22556092785671, 4.17097663241658, 
4.38875472515157, 5.19432599956478, 4.94345338755755, 5.68601168998503, 
4.6727047350313, 4.90626292258581, 4.46865191472853, 3.70638913448787, 
4.88307680893624, 5.76995695691461, 4.20024500087255, 5.13086142494415, 
5.34187012521644, 4.88741296368663, 6.26243929369472, 4.59465142651002, 
5.96077042454751, 5.20876491615239, 5.39680802731657, 4.18155211227681, 
4.39056562644159, 4.63174178005788, 5.50212881272668, 4.73782569334825, 
5.13836873517003, 4.39177928718259, 5.2158699231331, 4.54421797711171, 
6.12378620949769, 4.89022661915335, 4.96493410823328, 4.41101441444563, 
4.65239401420666, 5.38196449813148, 5.38919212670949, 4.89738797309033, 
4.02895838645995, 3.63656311042993, 5.2107877249243, 4.6479729887583, 
4.80135671149323, 6.23968166772795, 5.17731167190924, 4.66810747900468, 
6.38081699821244, 5.22940637531561, 5.14941983178587, 4.99032630231864, 
5.10956259547961, 4.61941379472918, 5.90819402205597, 4.33832352911031, 
4.64464797896292, 5.71935902617873, 4.37898066269992, 5.22357625901963, 
4.98835283733055, 4.9445685635855, 4.43014093814052, 5.83430544522236, 
5.15893415842921, 4.87478497547904, 5.80550829721022, 4.35190249900393, 
4.45607528539527, 5.12897605901847, 5.13178265439584, 4.15259011746445, 
5.49548677460507, 4.72373689624216, 5.34132364030464, 4.6598308168851, 
5.21611540702597, 4.88626548415272, 4.74647431316987, 4.93633775043455, 
5.11918547214857, 4.48415421178895, 4.04429292510935, 4.69767925031035, 
5.81971374869114, 5.96055392207658, 5.31365037390744, 5.08940697971385, 
4.8445588981193, 5.16241484657008, 5.34711263100368, 5.14580977614232, 
5.48773851566024, 4.66396020331697, 4.74653724391757, 5.044276428977, 
4.78330702359152, 5.72963027046904, 5.29142275643119, 5.64906468748941, 
4.85448667486266, 4.95442781658332, 4.94537151939485, 5.39707125776656, 
4.68878725443211, 4.28686513663877, 6.41078510468369, 4.67659089906387, 
5.69584608647782, 5.59425916705248, 4.22696919970192, 5.20335036561723, 
4.67248579365367, 5.42033926381511, 3.99590609322774, 4.93891246074194, 
4.63354839839352, 6.24102206609253, 5.00530921237234, 5.58313071129507, 
4.72569927239572, 5.03100350862563, 4.76271237509769, 3.56082379929727, 
6.00555663949948, 5.46845332646568, 5.17170169815922, 5.05740371562043, 
5.6568680423821, 4.8648594401829, 5.39393221026046, 5.04089654134801, 
5.79281219355903, 4.85445017321037, 5.06074816502845, 4.52329502900974, 
5.42565752289862, 4.01322811100563, 4.92139051450963, 4.15076762689828, 
5.46248237369621, 4.42123345169599, 5.56212396579149, 3.99306117524974, 
5.10280640616479, 4.33047366596198, 6.04594362990305, 4.75470140234033, 
4.38835720369299, 5.47702181779918, 4.50237767175596, 5.15441065197143, 
3.54161699287839, 5.05510292609844, 6.07076171313871, 5.40339666593187, 
5.23091012971681, 4.60491953226912, 5.03269087864628, 5.27525451422076, 
4.99832116824657, 5.04438691831401, 5.73663449006108, 4.02990160047629, 
5.25618190401952, 5.29744607656559, 5.14919310578479, 5.19554816218206, 
5.80975941615234, 5.28901173247484, 3.70019497512626, 4.7496968060287, 
5.97960088152351, 4.77980434836868, 5.1560435908594, 4.94238684007698, 
4.70488761582412, 5.10545306369987, 4.22719957352362, 5.61499524427885, 
5.75770747186905, 4.74614082931433, 4.25771838075327, 5.2389469263496, 
5.12448114888917, 4.87703796046545, 5.01851518743933, 4.94432905676017, 
4.98268897671614, 4.66279835321346, 5.37196063455072, 5.1199870306634, 
5.52006973157985, 3.66247018106862, 3.89087475965668, 5.11236373265968, 
4.1704463450833, 5.42900721956799, 5.05916789772955, 5.11073343965867, 
5.37330379554707, 4.73998909746083, 4.94697958113874, 5.28845667993362, 
5.44167187241753, 4.91991592629678, 5.51107410180359, 5.41958232221459, 
5.28408783999862, 3.50193046611806, 4.91577580916963, 4.99649757173855, 
4.87568382295359, 5.75875199035916, 5.03056575241197, 5.51351922111145, 
4.59930277123016, 5.40521674894674, 5.64536617757591, 5.8770500857609, 
4.58767322318314, 4.55477437668084, 5.06040169799599, 5.24270988611697, 
5.22735638783154, 4.75032248811538, 4.83436799081677, 4.06386735411196, 
4.740914007651, 4.83282510147528, 4.86401336626726, 4.06828455475113, 
4.61040652132146, 6.48955503672355, 5.0443019527752, 5.40136416294786, 
4.76497001315195, 5.07810215601048, 4.96241498893721, 5.35511608402071, 
5.28774642854381, 5.86496642404202, 4.75132596760339, 5.36963092848005, 
4.60929115894697, 6.04763850932706, 5.51479742779633, 5.47953284196374, 
5.96888729865368, 4.89630543381996, 4.68311303151351, 5.32734744475571, 
6.4681006655056, 4.6566767190201, 5.18635618030388, 4.96289461323052, 
6.50056377966643, 5.28852176969635, 5.11876956514865, 4.68744322394269, 
5.1284369590917, 4.65863060002177, 3.89029951197752, 5.83015137532649, 
3.85866275951394, 4.62004097112936, 4.15443658725969, 4.85572274678459, 
4.45712032083255, 4.50151265964365, 5.50066337593526, 5.57047589756678, 
5.17648891528739, 6.24569563270396, 4.07352580606968, 5.1543195634006, 
4.92197305169653, 4.10913543407362, 5.31080273111554, 4.92747394835995, 
4.48636533483082, 5.22645793859138, 4.58964411766145, 3.6794181971762, 
5.40833222097943, 4.4976561624358, 5.4093902487101, 6.07937820832316, 
4.99930044713882, 3.84689664153462, 4.83107526704323, 4.51890926053947, 
4.25875187772831, 5.14352783088765, 4.52692462598861, 6.31486504704046, 
4.52722895275928, 6.24642611665803, 5.8421469879293, 5.07293153100424, 
6.79500329188487, 5.27064393303175, 4.87465588628817, 4.99829565698928, 
4.51911986464796, 4.76320151525267, 3.69220532893915, 5.26061330530782, 
6.23831282132481, 4.53173938582428, 6.09195642408419, 5.5937832533454, 
4.22895646649474, 5.23334652328874, 4.95646688390784, 3.57338137628845, 
4.00413470471486, 4.28051670013566, 5.39403526766007, 3.37142575393691, 
5.96564540980048, 4.53831656953148, 3.67500563555936, 5.53001990370838, 
5.12671894032869, 5.42642648275289, 5.36443133988258, 4.79706976784404, 
6.4037398146992, 4.84391716069755, 4.79554812718363, 5.23630342760872, 
5.16546191190139, 4.8709595324544, 4.24416805151845, 5.79620464449774, 
4.40828290011971, 3.8641898923914, 5.01708847921189, 5.2103908929573, 
4.95995606801278, 4.69559055526629, 4.39618913680965, 5.82411206175789, 
5.16129832647647, NA, NA, NA, NA, NA, NA, NA, NA, NA, NA, NA, 
NA, NA, NA, NA, NA, NA, NA, NA, NA, NA, NA, NA, NA, NA, NA, NA, 
NA, NA, NA, NA, NA, NA, NA, NA, NA, NA, NA, NA, NA, NA, NA, NA, 
NA, NA, NA, NA, NA, NA, NA, NA, NA, NA, NA, NA, NA, NA, NA, NA, 
NA, NA, NA, NA, NA, NA, NA, NA, NA, NA, NA, NA, NA, NA, NA, NA, 
NA, NA, NA, NA, NA, NA, NA, NA, NA, NA, NA, NA, NA, NA, NA, NA, 
NA, NA, NA, NA, NA, NA, NA, NA, NA, NA, NA, NA, NA, NA, NA, NA, 
NA, NA, NA, NA, NA, NA, NA, NA, NA, NA, NA, NA, NA, NA, NA, NA, 
NA, NA, NA, NA, NA, NA, NA, NA, NA, NA, NA, NA, NA, NA, NA, NA, 
NA, NA, NA, NA, NA, NA, NA, NA, NA, NA, NA, NA, NA, NA, NA, NA, 
NA, NA, NA, NA, NA, NA, NA, NA, NA, NA, NA, NA, NA, NA, NA, NA, 
NA, NA, NA, NA, NA, NA, NA, NA, NA, NA, NA, NA, NA, NA, NA, NA, 
NA, NA, NA, NA, NA, NA, NA, NA, NA, NA, NA, NA, NA, NA, NA, NA, 
NA, NA, NA, NA, NA, NA, NA, NA, NA, NA, NA, NA, NA, NA, NA, NA, 
NA, NA, NA, NA, NA, NA, NA, NA, NA, NA, NA, NA, NA, NA, NA, NA, 
NA, NA, NA, NA, NA, NA, NA, NA, NA, NA, NA, NA, NA, NA, NA, NA, 
NA, NA, NA, NA, NA, NA, NA, NA, NA, NA, NA, NA, NA, NA, NA, NA, 
NA, NA, NA, NA, NA, NA, NA, NA, NA, NA, NA, NA, NA, NA, NA, NA, 
NA, NA, NA, NA, NA, NA, NA, NA, NA, NA, NA, NA, NA, NA, NA, NA, 
NA, NA, NA, NA, NA, NA, NA, NA, NA, NA, NA, NA, NA, NA, NA, NA, 
NA, NA, NA, NA, NA, NA, NA, NA, NA, NA, NA, NA, NA, NA, NA, NA, 
NA, NA, NA, NA, NA, NA, NA, NA, NA, NA, NA, NA, NA, NA, NA, NA, 
NA, NA, NA, NA, NA, NA, NA, NA, NA, NA, NA, NA, NA, NA, NA, NA, 
NA, NA, NA, NA, NA, NA, NA, NA, NA, NA, NA, NA, NA, NA, NA, NA, 
NA, NA, NA, NA, NA, NA, NA, NA, NA, NA, NA, NA, NA, NA, NA, NA, 
NA, NA, NA, NA, NA, NA, NA, NA, NA, NA, NA, NA, NA, NA, NA, NA, 
NA, NA, NA, NA, NA, NA, NA, NA, NA, NA, NA, NA, NA, NA, NA, NA, 
NA, NA, NA, 0.195031916835783, 0.236807924834516, 0.283418569189873, 
0.295347039686093, 0.424337203355056, 0.320777173698691, 0.342602415067318, 
0.384089150143331, 0.316691570830498, 0.318320435614136, 0.316729006699286, 
0.221012578684808, 0.26469765096883, 0.347497224996239, 0.302311170864269, 
0.24842631299675, 0.389113403587182, 0.229350699716327, 0.353027088370638, 
0.291662923804163, 0.210758990062077, 0.388245543476194, 0.247037898094058, 
0.277331660387803, 0.270502680544187, 0.388437466306677, 0.268687542949904, 
0.237823579207072, 0.27535236158315, 0.298969383790274, 0.332207802151659, 
0.292890885528026, 0.288768050710657, 0.29898047485669, 0.359482870857918, 
0.342831230643599, 0.335544257394193, 0.329515276261051, 0.335517953345513, 
0.347573181930468, 0.326573756732058, 0.329353888259069, 0.29420688797679, 
0.366153414987121, 0.399062217927616, 0.31850571222315, 0.386161583833612, 
0.334271981027214, 0.302095168738561, 0.33273338367284, 0.240096496936286, 
0.422529317195028, 0.310818663084925, 0.344158514151492, 0.304027873252772, 
0.328477859512764, 0.270734325254139, 0.307852792740032, 0.266058668293173, 
0.277964826536489, 0.328870835534063, 0.277602845680998, 0.296342675258521, 
0.308218533126693, 0.339806578900634, 0.299991723329654, 0.325711009534473, 
0.320890095828166, 0.253031153002258, 0.342719526735241, 0.247981019939658, 
0.353334834001513, 0.251012848669045, 0.325032967347091, 0.241315481390065, 
0.38973296396579, 0.332561528675612, 0.263798422401943, 0.359606568922566, 
0.313080789803017, 0.290534607900277, 0.349019163027571, 0.401175434348282, 
0.286177361960069, 0.286828949714892, 0.323462340872061, 0.336191256602617, 
0.362707316327946, 0.294007631873765, 0.264859900970503, 0.260576849066419, 
0.318656198272329, 0.370775353675928, 0.336474482438039, 0.253184820918352, 
0.359679603585993, 0.246684311379835, 0.247668578567107, 0.194416906851705, 
0.307649593775629, 0.319445959682926, 0.341277770183565, 0.244782862901071, 
0.333209366750429, 0.267114099506033, 0.262985853796392, 0.330397172554332, 
0.346761667678595, 0.326618926741291, 0.387829427068719, 0.286827244449234, 
0.298677435551886, 0.347923517760245, 0.313060845413132, 0.453282541030392, 
0.240220921190389, 0.329686189162949, 0.348727554891206, 0.379887077070657, 
0.273052125930465, 0.304249054761783, 0.317035648646267, 0.329097677207342, 
0.345543267843686, 0.365036049163716, 0.291568026571562, 0.294539121048656, 
0.329196129122105, 0.391481922982798, 0.284451437419133, 0.263096786175184, 
0.264058471752275, 0.239730728825928, 0.241826278165522, 0.370333840869649, 
0.277092039615484, 0.218340305701443, 0.306583797021612, 0.3251114006171, 
0.389631645806818, 0.369650658553852, 0.250741067195965, 0.252306385905506, 
0.318183168640695, 0.353905385059424, 0.333115226330483, 0.2868594526054, 
0.35447856598306, 0.195113111829016, 0.309394286523701, 0.345044248940642, 
0.308507768755555, 0.333977275146919, 0.399233071307361, 0.273890445622631, 
0.37471411648472, 0.289521918008123, 0.333934070676155, 0.316192855098799, 
0.300122805147191, 0.282338840732372, 0.336855057619712, 0.305867031056732, 
0.276631912278712, 0.339916833646376, 0.304813830977799, 0.279765647105053, 
0.312918825790744, 0.323842201113323, 0.284116876906806, 0.338500507405299, 
0.344787280753229, 0.345781261424579, 0.29092823328039, 0.391625961340595, 
0.232520345560543, 0.286363118988535, 0.328888688761376, 0.24496474742101, 
0.299409417426583, 0.304853270939213, 0.319665620742529, 0.30313266229094, 
0.236836792087536, 0.237182421299467, 0.2929792603592, 0.286381103555555, 
0.308949426686986, 0.249241194053349, 0.293059044371645, 0.284887572292586, 
0.322315749685347, 0.354585856095665, 0.239205378928017, 0.332229048094943, 
0.26548428214824, 0.381780706823761, 0.258940999953867, 0.277186178649397, 
0.332108259887247, 0.332232259175956, 0.344757488946918, 0.35706403274619, 
0.343352169541267, 0.385344171873447, 0.302385068837643, 0.392404080568524, 
0.286349861697751, 0.228991592636243, 0.338776828904516, 0.391701107172361, 
0.364879836868746, 0.315154664492802, 0.347865450775115, 0.219942488127264, 
0.439150321475251, 0.287845869316793, 0.281525070484471, 0.188657576605962, 
0.273128114576548, 0.273472743435483, 0.310873281562508, 0.340563368550943, 
0.194269335574704, 0.261574975520703, 0.282657347241587, 0.377238362807863, 
0.325673762172618, 0.357410122516792, 0.385298210959793, 0.297735282744715, 
0.324357539418953, 0.422528973811988, 0.412644268444871, 0.337679304065862, 
0.394735251362245, 0.407076100882028, 0.278627977244744, 0.336715264384228, 
0.336515748255179, 0.270414694134395, 0.324375893323171, 0.299940375738364, 
0.221248356880182, 0.271157955304989, 0.317646091398671, 0.279994071835632, 
0.334846143528874, 0.254299117715549, 0.324024978638372, 0.31301254375668, 
0.319803104058791, 0.249693591858569, 0.280340365780747, 0.24281107489641, 
0.264086379615598, 0.36352371472016, 0.271169786685394, 0.351307807030863, 
0.292529946325428, 0.462864392920441, 0.28838956429873, 0.316659355275985, 
0.313443743023912, 0.287996664569925, 0.360055841836791, 0.330718922993255, 
0.256788681207063, 0.270716289499098, 0.310849967469102, 0.303299163002733, 
0.286094823368183, 0.341723237493825, 0.238082885866805, 0.284059548217112, 
0.238486527633503, 0.379713971785228, 0.313530875335889, 0.237434890878079, 
0.252443649118577, 0.323785862477216, 0.321199310089359, 0.297272754343754, 
0.321525694779197, 0.239415409627105, 0.380902140992728, 0.350819455796521, 
0.358333628977391, 0.322501145166776, 0.248389105547462, 0.333845211328913, 
0.277386173461505, 0.362088483631962, 0.328798649081189, 0.278697255111425, 
0.323806818090972, 0.344989895147316, 0.226716024678528, 0.348888187875771, 
0.334951788667741, 0.327004923869499, 0.24180412987079, 0.376080513052197, 
0.305519780937433, 0.300988113812473, 0.278437640233121, 0.401224867597321, 
0.251737893091742, 0.25237888968597, 0.293485404944648, 0.271761925233714, 
0.271230975995955, 0.288590217959844, 0.347171857554957, 0.39948367974378, 
0.303539876860478, 0.296765981203212, 0.240734314883496, 0.30810725117457, 
0.303481312388713, 0.354656229819314, 0.255023024599132, 0.246565658503375, 
0.295503362575936, 0.259732545103634, 0.311385206607859, 0.260107360013793, 
0.354047924252413, 0.344044826652602, 0.329083372244327, 0.324434354606557, 
0.329037105326753, 0.340858438778835, 0.202446692751629, 0.35636984650846, 
0.335870493203418, 0.270622987292822, 0.370159705577813, 0.217220798089511, 
0.375052235662492, 0.251737848200918, 0.343126009687977, 0.222000868877285, 
0.285983521999156, 0.269479818528001, 0.313352689872786, 0.336789888920093, 
0.262767150849457, 0.371085259198665, 0.302787353419297, 0.323169159751022, 
0.282179307879009, 0.357693895286261, 0.2674616835821, 0.310612889988811, 
0.278963104867571, 0.358261055289623, 0.199305721411402, 0.226851171511508, 
0.244569209240746, 0.377068348787903, 0.302421557233924, 0.320463690077075, 
0.336360142525957, 0.403494078432258, 0.272861105406315, 0.331696623825642, 
0.322796774938489, 0.329108979399471, 0.307509898874834, 0.321295733060925, 
0.28505280535521, 0.277544005809168, 0.310410664220169, 0.308866720892133, 
0.385661666392979, 0.314388040416695, 0.32464182656247, 0.256078469722867, 
0.254101676124702, 0.292209999488157, 0.222883515492438, 0.323051568633127, 
0.280041445731145, 0.288578495306207, 0.259194253481141, 0.285942809722166, 
0.291237250881086, 0.41479864330227, 0.283573111463092, 0.257993076059698, 
0.314244673562415, 0.316680947559331, 0.316964323555715, 0.257003050480549, 
0.268179502116479, 0.416024538308223, 0.337103649321259, 0.304919910436236, 
0.322714760427336, 0.36698011313953, 0.264400261171161, 0.322626535853494, 
0.330679699383311, 0.281050000457182, 0.340420965307189, 0.243462742249219, 
0.306208798691164, 0.287683255731312, 0.276834799409647, 0.318209538431422, 
0.278282469693813, 0.301276553934302, 0.285343227101812, 0.286164895445956, 
0.275033918714906, 0.36734259327061, 0.238073302813246, 0.23872294908051, 
0.336808839909262, 0.367983929304245, 0.42763099509815, 0.284654510427588, 
0.313560839491896, 0.275109626505135, 0.299958149548525, 0.330663860946507, 
0.333691202410982, 0.27123935764758, 0.310864386693271, 0.326693641907768, 
0.333776253770194, 0.254260713494067, 0.278136112974853, 0.295507848854028, 
0.350704783715272, 0.414919829277189, 0.275249703407895, 0.228797121271709, 
0.305161126818516, 0.321623293220543, 0.349494895833922, 0.351254560741454, 
0.216698221310742, 0.320254408198884, 0.329900452790953, 0.305807293376332, 
0.243211229517657, 0.273583320860718, 0.276608766552011, 0.332746665025381, 
0.223958377119926, 0.387061557094512, 0.346034341841551, 0.313727315182292, 
0.270132346814256, 0.358638129403776, 0.34076282561499, 0.208677254595627, 
0.251652804045849, 0.329293931008233, 0.34241093947596, 0.230511725576621, 
0.352730871632557, 0.212865435898954, 0.256484891514572, 0.259491918827382, 
0.353695870145425, 0.366814763468446, 0.270771788659002, 0.332765874826913, 
0.303740564199693, 0.322153454636416, 0.228737900608673, 0.256200408727434, 
0.362298548684147, 0.240235171181834, 0.258484916737343, 0.354233828585071, 
0.373827998268272, 0.286839517875176, 0.23425589173048, 0.312803897682024, 
0.400542075601914, 0.276692010228671, 0.335622579096919, 0.309768802785383, 
0.337488101216971, 0.231417949386974, 0.344281677915464, 0.312473858032157, 
0.405695357720139, 0.330738292651628, 0.309428517551111, 0.388616105818498, 
0.344168667708253, 0.252715531674244, 0.313015403554784, 0.321353540955409, 
0.332683196004105, 0.252814587747413, 0.278549481047194, 0.299666008993317, 
0.357982473922477, 0.339083057587758, 0.341720121783554, 0.31739397286794, 
0.333291681732897, 0.376849187017639, 0.299808286568613, 0.297885257027151, 
0.323162852274202, 0.31037974398528, 0.260201140140303, 0.345907916212059, 
0.304702905758527, 0.313068986971651, 0.299839463085252, 0.294338644413402, 
0.289809413358764, 0.271328720398854, 0.288086580748753, 0.274780699040321, 
0.363170841067327, 0.338914030841514, 0.21017676940495, 0.300777236412096, 
0.364739692972657, 0.27077633585212, 0.350554506373093, 0.312301650995072, 
0.337209291545077, 0.284881102201874, 0.297366629943216, 0.318086830410123, 
0.331534759738325, 0.369920395135057, 0.249883522106328, 0.348904913524388, 
0.291430204601878, 0.294337899003694, 0.263641909451954, 0.309116827589625, 
0.232907198875356, 0.360429330908619, 0.175229218966713, 0.366691016179137, 
0.349414929736798, 0.268005802816859, 0.272944637030199, 0.368124690303935, 
0.228934274377208, 0.28252819625715, 0.323873424503217, 0.290678963922935, 
0.347440478151265, 0.316424682482417, 0.332961803482338, 0.309797391836902, 
0.263335465683088, 0.258564284732843, 0.328760627027403, 0.397010452998689, 
0.256744913445173, 0.300943092599794, 0.314446315980758, 0.323674092667674, 
0.283464815775175, 0.297911774332629, 0.288848944290573, NA, 
NA, NA, NA, NA, NA, NA, NA, NA, NA, NA, NA, NA, NA, NA, NA, NA, 
NA, NA, NA, NA, NA, NA, NA, NA, NA, NA, NA, NA, NA, NA, NA, NA, 
NA, NA, NA, NA, NA, NA, NA, NA, NA, NA, NA, NA, NA, NA, NA, NA, 
NA, NA, NA, NA, NA, NA, NA, NA, NA, NA, NA, NA, NA, NA, NA, NA, 
NA, NA, NA, NA, NA, NA, NA, NA, NA, NA, NA, NA, NA, NA, NA, NA, 
NA, NA, NA, NA, NA, NA, NA, NA, NA, NA, NA, NA, NA, NA, NA, NA, 
NA, NA, NA, NA, NA, NA, NA, NA, NA, NA, NA, NA, NA, NA, NA, NA, 
NA, NA, NA, NA, NA, NA, NA, NA, NA, NA, NA, NA, NA, NA, NA, NA, 
NA, NA, NA, NA, NA, NA, NA, NA, NA, NA, NA, NA, NA, NA, NA, NA, 
NA, NA, NA, NA, NA, NA, NA, NA, NA, NA, NA, NA, NA, NA, NA, NA, 
NA, NA, NA, NA, NA, NA, NA, NA, NA, NA, NA, NA, NA, NA, NA, NA, 
NA, NA, NA, NA, NA, NA, NA, NA, NA, NA, NA, NA, NA, NA, NA, NA, 
NA, NA, NA, NA, NA, NA, NA, NA, NA, NA, NA, NA, NA, NA, NA, NA, 
NA, NA, NA, NA, NA, NA, NA, NA, NA, NA, NA, NA, NA, NA, NA, NA, 
NA, NA, NA, NA, NA, NA, NA, NA, NA, NA, NA, NA, NA, NA, NA, NA, 
NA, NA, NA, NA, NA, NA, NA, NA, NA, NA, NA, NA, NA, NA, NA, NA, 
NA, NA, NA, NA, NA, NA, NA, NA, NA, NA, NA, NA, NA, NA, NA, NA, 
NA, NA, NA, NA, NA, NA, NA, NA, NA, NA, NA, NA, NA, NA, NA, NA, 
NA, NA, NA, NA, NA, NA, NA, NA, NA, NA, NA, NA, NA, NA, NA, NA, 
NA, NA, NA, NA, NA, NA, NA, NA, NA, NA, NA, NA, NA, NA, NA, NA, 
NA, NA, NA, NA, NA, NA, NA, NA, NA, NA, NA, NA, NA, NA, NA, NA, 
NA, NA, NA, NA, NA, NA, NA, NA, NA, NA, NA, NA, NA, NA, NA, NA, 
NA, NA, NA, NA, NA, NA, NA, NA, NA, NA, NA, NA, NA, NA, NA, NA, 
NA, NA, NA, NA, NA, NA, NA, NA, NA, NA, NA, NA, NA, NA, NA, NA, 
NA, NA, NA, NA, NA, NA, NA, NA, NA, NA, NA, NA, NA, NA, NA, NA, 
NA, NA, NA, NA, NA, NA, NA, NA, NA, NA, NA, NA, NA, NA, NA, NA, 
NA, NA, NA, NA, NA, NA, NA, NA, NA, NA, NA, NA, NA, 0.357005709495635, 
0.311993350301211, 0.317879863490106, 0.402219999894594, 0.326946653198514, 
0.412446122696517, 0.388532899979375, 0.375620057438781, 0.590244675805963, 
0.385348811370948, 0.333809142376159, 0.351737559506474, 0.390639964156462, 
0.342463591011705, 0.315713018369855, 0.292966692047437, 0.378904196004702, 
0.356400220198225, 0.328459057235566, 0.285536662794954, 0.404540717960912, 
0.558920281085555, 0.315421742728419, 0.262288358837239, 0.401808862530546, 
0.297025221841972, 0.303813255767488, 0.530803253094426, 0.326704306678195, 
0.347151536392707, 0.355635070320299, 0.402866729275341, 0.381510301848642, 
0.468102322005646, 0.329543837719342, 0.375677929988522, 0.370043393134411, 
0.370700741833416, 0.388469439261244, 0.293681748109188, 0.295088255613408, 
0.306010929351149, 0.323374563400269, 0.378335636661373, 0.340967510198768, 
0.376607749274378, 0.332982600878177, 0.430000996587301, 0.507583298831268, 
0.284761049748408, 0.350473296977345, 0.431957348279104, 0.374228671778249, 
0.483806549139732, 0.305209693759761, 0.402073777832273, 0.407664062427635, 
0.351074358781406, 0.224594294067082, 0.431053479268253, 0.281215174597393, 
0.311945042327591, 0.226478740976819, 0.404227096176114, 0.407958361574736, 
0.386840392151619, 0.31759168433136, 0.355749032585988, 0.273628778891446, 
0.407078922086769, 0.315026798882338, 0.337544034973816, 0.436001791255967, 
0.283291090601149, 0.270593231255809, 0.325420684188163, 0.460508101975235, 
0.380777390798943, 0.377993535187518, 0.55312828072625, 0.218972090641612, 
0.483653254020549, 0.466572685549666, 0.311451339182445, 0.325250503598724, 
0.382823509011366, 0.173013049628255, 0.363704422096303, 0.331812987327517, 
0.431169826624316, 0.346889481182148, 0.249784054211449, 0.386648999375739, 
0.455813432781502, 0.463627253418125, 0.351085476313764, 0.301742387460854, 
0.0461062615202487, 0.356834633631752, 0.435721222290758, 0.397134906456262, 
0.351410229841591, 0.398616014565973, 0.356837500346094, 0.31360256628316, 
0.305733425938016, 0.340396593067813, 0.405927720848178, 0.4033551588665, 
0.392078231300427, 0.311943455282473, 0.346887130652794, 0.347235127774721, 
0.397979740567993, 0.476052468745914, 0.362291847293224, 0.311509455716353, 
0.318638032665213, 0.469134501705658, 0.229711820204513, 0.381065424551041, 
0.459653816080127, 0.38262591982156, 0.373185773645351, 0.356055977087689, 
0.395848000987235, 0.263448191039361, 0.319433897008731, 0.251414434337162, 
0.400226398005367, 0.350187992849404, 0.291815915225556, 0.289280003822601, 
0.461937064357737, 0.387927191927415, 0.358723837764764, 0.43136172219941, 
0.306931218626251, 0.489743595749322, 0.504293285234293, 0.316234761247461, 
0.201836399933081, 0.19691808899408, 0.28439077164997, 0.359695503668046, 
0.297494237143533, 0.260291494048343, 0.341388090451951, 0.492097967997038, 
0.315241463884113, 0.385236314153487, 0.391687988050627, 0.334623335700559, 
0.413551098309011, 0.339557401707884, 0.476973018075148, 0.381536483233718, 
0.363137948299989, 0.354513576808154, 0.394839277846272, 0.27336998829685, 
0.327031024631882, 0.375897990021186, 0.436893873740934, 0.40244652952213, 
0.402310876098061, 0.257751560145958, 0.390496400191545, 0.372371359484286, 
0.391106685228924, 0.291626672587857, 0.346177795611566, 0.352285337645203, 
0.313661691155362, 0.373640940160441, 0.292701601372796, 0.392380440944455, 
0.457975252315865, 0.259418651888462, 0.342348170139116, 0.285433148976343, 
0.319968043772701, 0.400345595213227, 0.359352197142997, 0.363699795078848, 
0.343535911069754, 0.220744606980001, 0.451749977512425, 0.341907282613727, 
0.363069613991989, 0.17278211860361, 0.328693810548716, 0.340081427498719, 
0.354024285562405, 0.337468406935705, 0.406151719031085, 0.322242276366969, 
0.407058752963186, 0.42083591624943, 0.346537500216294, 0.394055933243815, 
0.347991943304499, 0.401988404832879, 0.332827395816437, 0.385463695911164, 
0.398231903104906, 0.295824597058889, 0.413160626960502, 0.431796395532723, 
0.326432266555091, 0.454948632616763, 0.408639386100706, 0.276766533439, 
0.353535757066982, 0.252004332030554, 0.491355328071834, 0.212340659717489, 
0.344551779661335, 0.294252453758946, 0.373911316846831, 0.398208528779141, 
0.246229536438792, 0.375632929403036, 0.194702460881468, 0.354467795787109, 
0.367321877633289, 0.493518470455888, 0.348885087175704, 0.55503380584057, 
0.437472662083929, 0.367614010118529, 0.496511353397147, 0.291782594574192, 
0.529639309975974, 0.420966990123762, 0.346873912607039, 0.433353798342272, 
0.448255009411364, 0.296123616977015, 0.388471649519136, 0.359812571321155, 
0.480289540731857, 0.371396728497528, 0.237286252860722, 0.359606862908614, 
0.268891592828539, 0.265090563655069, 0.342070256202661, 0.342930161733199, 
0.349997241927332, 0.409841937139372, 0.440427875795453, 0.300825210007536, 
0.326357328553027, 0.390169285754208, 0.424988908158325, 0.384531096261734, 
0.00638688250705251, 0.427429328358287, 0.407197261178417, 0.414251644253063, 
0.276515842840908, 0.323833013870017, 0.383783933753502, 0.287851079703258, 
0.4107626347567, 0.40569471883005, 0.332092910496586, 0.387211192346253, 
0.344436571985166, 0.486305728695259, 0.346259907508324, 0.42722825941345, 
0.212020199053116, 0.336632162953924, 0.361607843104091, 0.355913464185753, 
0.389881143085513, 0.324150483051132, 0.296809289779726, 0.437266219787127, 
0.348201531900027, 0.29927238024217, 0.396297561689962, 0.262784395325742, 
0.402057363780961, 0.383527654821971, 0.417033566632872, 0.288753393647111, 
0.404015227580622, 0.348820290962691, 0.284988433074754, 0.403174769282822, 
0.443790145403875, 0.301966862925209, 0.292489712041276, 0.32735725615035, 
0.414030576396441, 0.359103182986364, 0.323770644574029, 0.360720747672664, 
0.291600263801444, 0.385889450896711, 0.33703520367539, 0.306435958264652, 
0.324452546844093, 0.426566843128096, 0.468136370587834, 0.396098591344424, 
0.281129610252473, 0.57099742584207, 0.207832904465521, 0.357625200861273, 
0.286122365689841, 0.438937354789719, 0.314937421651043, 0.311850469480624, 
0.295473768322568, 0.378674769027934, 0.447760032911438, 0.371141874494725, 
0.332871377841364, 0.339810452467314, 0.318146512686951, 0.56117007018509, 
0.314756527666029, 0.397835983897134, 0.355211926555258, 0.287182020159085, 
0.351867553915994, 0.374351589279779, 0.207367992763545, 0.349240569638141, 
0.408299600938044, 0.377272300693724, 0.360291468586485, 0.451480017441282, 
0.336998666123723, 0.25057217899831, 0.361163249107158, 0.427199679682613, 
0.416479726395954, 0.264656464327682, 0.356624618801703, 0.292382909033823, 
0.357956445011862, 0.348200896711563, 0.461104847949571, 0.42269490562107, 
0.260316420586592, 0.280518154164244, 0.2741972927291, 0.343786352552751, 
0.328947010740377, 0.313078396302467, 0.286795199386963, 0.321294453745747, 
0.30704165730022, 0.400144448281606, 0.36179502088618, 0.362882137367141, 
0.373005923088607, 0.403742193375874, 0.343565754444733, 0.454218882021, 
0.276179293205227, 0.596999509296382, 0.263494253980974, 0.439080591861959, 
0.336514309845826, 0.523593768158682, 0.278663094560331, 0.317616428824438, 
0.335042848748336, 0.242428232692739, 0.372868826648377, 0.260878571861258, 
0.529151339531342, 0.392232793587579, 0.301827977690923, 0.275316160770195, 
0.405693505830113, 0.421275979570593, 0.39337857094804, 0.372690254994147, 
0.362306053591467, 0.389999330103904, 0.442110075931051, 0.586779486708058, 
0.30235779955337, 0.335374656496671, 0.384400533602127, 0.360203187838802, 
0.307572608585895, 0.398339312504977, 0.376739909687217, 0.329305685723281, 
0.412974807059493, 0.368389641980596, 0.286285507359731, 0.313231155335369, 
0.38138645292689, 0.44443298698233, 0.299642432001601, 0.361291361087321, 
0.246484157269517, 0.285982232393642, 0.358286345110304, 0.313923218473112, 
0.391273734609767, 0.343822343449442, 0.378897056037817, 0.340061375258643, 
0.40035533551325, 0.504088984680272, 0.220470981632069, 0.337313131991333, 
0.319680864801474, 0.466193498143376, 0.327096009827303, 0.342876161863525, 
0.43200984316513, 0.267344009916094, 0.322453906398969, 0.18905673528486, 
0.318971674001673, 0.281933802562039, 0.341548170340584, 0.404502306216844, 
0.275176461913395, 0.383629829940948, 0.295032619358365, 0.354801645109237, 
0.329542155347439, 0.391750249908866, 0.330015457222563, 0.421179165116874, 
0.2625812848216, 0.463256671897606, 0.504054909710601, 0.237989177267026, 
0.30622333900299, 0.476777346172234, 0.254907368521628, 0.280360191642596, 
0.402623410011771, 0.327809508950346, 0.419977323868857, 0.261380720512123, 
0.411542628734748, 0.346847455058575, 0.386235894681303, 0.464671513106627, 
0.30226685578624, 0.321948821120818, 0.303783437050914, 0.332185188762423, 
0.381975383769261, 0.235040216469591, 0.421832732477089, 0.314933072214556, 
0.333717812794015, 0.344114403798251, 0.315962303590808, 0.294020086593163, 
0.260733381185557, 0.150082190759665, 0.386127387924006, 0.639077481653304, 
0.38078030765442, 0.397781920983138, 0.251572680426333, 0.336444529802115, 
0.388462674999947, 0.321726343162348, 0.621522461052658, 0.244187206231144, 
0.183311518402486, 0.275423375636777, 0.378943644617502, 0.334278053517526, 
0.26523242729565, 0.314636703575083, 0.415112918309648, 0.291263872558094, 
0.3243214855377, 0.3468219098348, 0.353585738366048, 0.377867320185488, 
0.347592296542925, 0.309242067703706, 0.439173468627484, 0.308621764424602, 
0.409102096397156, 0.466149236526275, 0.293282469065533, 0.319811355969146, 
0.300964410293143, 0.226222459625501, 0.380024703896765, 0.455271575979121, 
0.529421802401933, 0.317801732515774, 0.383251006217562, 0.290435142236092, 
0.32279790328506, 0.371465419891976, 0.452504059677739, 0.406248621134194, 
0.353098299477999, 0.43740296061227, 0.330748700556294, 0.286960234968063, 
0.530018198017561, 0.415216736966455, 0.345294937363068, 0.353631289425222, 
0.650737668302187, 0.3314347721322, 0.490195366210497, 0.324177280416912, 
0.362930049330183, 0.337854255320554, 0.434275387730556, 0.363372119280365, 
0.125884912057007, 0.312962333463556, 0.327851513582653, 0.305802306137719, 
0.264226101139816, 0.352072133963039, 0.665176321916267, 0.378960248029575, 
0.255485936129152, 0.411667948207049, 0.314782524632275, 0.287767335742458, 
0.472067058652414, 0.287872589155505, 0.305324790733053, 0.352603897569568, 
0.383299534654894, 0.364510580869565, 0.320858853514418, 0.434730883879509, 
0.287553861483121, 0.315787776463028, 0.415013078747333, 0.288587023773045, 
0.483177774327937, 0.337207811086907, 0.325581747820243, 0.331145886680113, 
0.21879272203097, 0.528313766096727, 0.347027379665291, 0.448645310250573, 
0.385552451438454, 0.566228333081141, 0.478668892420331, 0.295797176920893, 
0.358989763852224, 0.47504643507384, 0.403955899824981, 0.405853012843296, 
0.550621842445049, 0.352018493925864, 0.364010729607119, 0.341840669432158, 
0.422489226263019, NA, NA, NA, NA, NA, NA, NA, NA, NA, NA, NA, 
NA, NA, NA, NA, NA, NA, NA, NA, NA, NA, NA, NA, NA, NA, NA, NA, 
NA, NA, NA, NA, NA, NA, NA, NA, NA, NA, NA, NA, NA, NA, NA, NA, 
NA, NA, NA, NA, NA, NA, NA, NA, NA, NA, NA, NA, NA, NA, NA, NA, 
NA, NA, NA, NA, NA, NA, NA, NA, NA, NA, NA, NA, NA, NA, NA, NA, 
NA, NA, NA, NA, NA, NA, NA, NA, NA, NA, NA, NA, NA, NA, NA, NA, 
NA, NA, NA, NA, NA, NA, NA, NA, NA, NA, NA, NA, NA, NA, NA, NA, 
NA, NA, NA, NA, NA, NA, NA, NA, NA, NA, NA, NA, NA, NA, NA, NA, 
NA, NA, NA, NA, NA, NA, NA, NA, NA, NA, NA, NA, NA, NA, NA, NA, 
NA, NA, NA, NA, NA, NA, NA, NA, NA, NA, NA, NA, NA, NA, NA, NA, 
NA, NA, NA, NA, NA, NA, NA, NA, NA, NA, NA, NA, NA, NA, NA, NA, 
NA, NA, NA, NA, NA, NA, NA, NA, NA, NA, NA, NA, NA, NA, NA, NA, 
NA, NA, NA, NA, NA, NA, NA, NA, NA, NA, NA, NA, NA, NA, NA, NA, 
NA, NA, NA, NA, NA, NA, NA, NA, NA, NA, NA, NA, NA, NA, NA, NA, 
NA, NA, NA, NA, NA, NA, NA, NA, NA, NA, NA, NA, NA, NA, NA, NA, 
NA, NA, NA, NA, NA, NA, NA, NA, NA, NA, NA, NA, NA, NA, NA, NA, 
NA, NA, NA, NA, NA, NA, NA, NA, NA, NA, NA, NA, NA, NA, NA, NA, 
NA, NA, NA, NA, NA, NA, NA, NA, NA, NA, NA, NA, NA, NA, NA, NA, 
NA, NA, NA, NA, NA, NA, NA, NA, NA, NA, NA, NA, NA, NA, NA, NA, 
NA, NA, NA, NA, NA, NA, NA, NA, NA, NA, NA, NA, NA, NA, NA, NA, 
NA, NA, NA, NA, NA, NA, NA, NA, NA, NA, NA, NA, NA, NA, NA, NA, 
NA, NA, NA, NA, NA, NA, NA, NA, NA, NA, NA, NA, NA, NA, NA, NA, 
NA, NA, NA, NA, NA, NA, NA, NA, NA, NA, NA, NA, NA, NA, NA, NA, 
NA, NA, NA, NA, NA, NA, NA, NA, NA, NA, NA, NA, NA, NA, NA, NA, 
NA, NA, NA, NA, NA, NA, NA, NA, NA, NA, NA, NA, NA, NA, NA, NA, 
NA, NA, NA, NA, NA, NA, NA, NA, NA, NA, NA, NA, NA, NA, NA, NA, 
NA, NA, NA, NA, NA, NA, NA, NA, NA, NA, NA, NA, NA, NA, NA, NA, 
NA, NA, NA, 1.19574539753637, 0.934509950755641, 1.02860459352016, 
1.29163564062916, 1.49947168287551, 1.94854183632719, 1.11952689018054, 
0.957934593734191, 1.3662533637112, 1.39863325876416, 1.39186877104987, 
1.42585860764855, 1.3250532475911, 1.10066278480029, 1.19420698572364, 
1.16960265225054, 0.847347530878483, 1.16273575266484, 0.822367833018661, 
1.2432433493776, 1.48524604307362, 1.44230069531241, 1.62390199362826, 
1.32811908596459, 1.23091271766006, 0.894248308711689, 1.15755431722545, 
1.20687812602542, 1.47757725423367, 1.1636900443949, 1.2850128177469, 
1.20784411269691, 1.34874397089137, 1.56736066142225, 1.07734643012334, 
1.05411960383306, 1.33940187858493, 0.994837562678022, 0.823030268508545, 
1.02816955995733, 1.45814372345904, 1.17311811755011, 1.12235480884167, 
0.929773934407284, 1.09129071066101, 1.27103979285887, 0.982892340487588, 
1.18521545838834, 1.43134261405949, 1.16939564706928, 1.63462399036924, 
1.03518292429512, 1.39279164584428, 1.12343753002891, 1.06365954916308, 
0.998140276265202, 1.27232842918334, 0.875025919604419, 0.895283061806242, 
1.26544432897871, 1.12706741741448, 1.11992004795677, 1.30689939114878, 
1.13410538824461, 1.6582344483035, 1.0134283417733, 1.35075192007602, 
0.853834741688162, 1.1060323920886, 1.43995525345717, 1.22566288407918, 
1.0648884330995, 1.93930801046971, 1.35862152431369, 1.2215302369318, 
1.14557305157723, 1.31226642142365, 1.10101363209554, 1.51647795219347, 
1.20125147907537, 1.61891489483076, 1.17083715737479, 1.22370696288139, 
1.55322654263024, 1.79802615434477, 1.19349190744377, 1.26237517520719, 
1.07675209138861, 1.50001075613334, 1.78287482209632, 1.15628000442355, 
1.1068392409507, 1.36751515737667, 1.55428809968117, 1.36901465399333, 
0.830102583062092, 1.23301048377129, 1.55196246322241, 1.50188965245471, 
1.03234860643556, 1.07994911614275, 1.26316557417841, 1.24428286811341, 
1.2224563129971, 1.15750968355371, 1.04988109028909, 1.05846416531635, 
1.50582414601199, 1.1643157853371, 0.750245561407693, 0.942622899067019, 
1.02640853353361, 0.969940014511368, 1.24138458816227, 1.44005640062198, 
1.14478075101529, 0.930617902062888, 1.15969852650835, 1.61119479461786, 
1.03348151408417, 1.2211446258246, 1.19568118355997, 0.875729501172336, 
1.33668181400136, 1.09993576615067, 1.69947916079391, 1.09541606133539, 
1.2494861480753, 1.32789505251098, 1.03847826073859, 0.989843636038794, 
1.09910998353811, 1.1302659934606, 1.68629512872103, 1.19057563466344, 
1.72027225755023, 1.41386745721791, 1.07467334424143, 1.42912853684789, 
0.95771919196216, 0.680565064268544, 1.44346067685615, 1.66766033582142, 
1.10871258064802, 1.33340031920997, 0.928391355338364, 0.965183061334875, 
0.838079510758972, 1.76574127639375, 1.07583800929426, 0.915990299430655, 
1.69511970733131, 1.00234554913666, 1.10283247453768, 1.00767124881988, 
1.10445342251371, 1.27237957063122, 1.30060035626118, 1.30521446482041, 
1.33088862757287, 0.842339028121633, 1.5303582032739, 1.45943458379544, 
1.05474484671955, 1.48001334377343, 1.3018568593394, 1.65581051921118, 
1.25532872235427, 1.21611853075618, 1.70326185150641, 1.19011894484143, 
1.14057009405666, 1.2299002944239, 1.25942064958169, 1.22343696394185, 
1.51106855979912, 1.37373445575486, 1.33640578891798, 1.15966557953251, 
1.28119257769244, 1.39850019960266, 1.32472699768622, 1.34103982151512, 
1.38676717743384, 1.35087918349286, 0.93024246578982, 1.324660268539, 
1.30418148836748, 1.48333508974746, 1.10493187897967, 0.989447341118856, 
0.913065157394248, 0.871654750976995, 0.900806531264559, 1.03490720550818, 
1.55793917571485, 1.08956268676435, 1.209590621593, 1.17124198755867, 
1.05841724402665, 1.10300097805874, 0.998164414783519, 1.10208416099601, 
1.07873648808648, 1.12816322348245, 1.49260474203907, 1.38522117314665, 
1.45393545859627, 1.74757988677702, 0.71081805483632, 1.51831188328022, 
1.18687369367815, 1.40650814267595, 1.5663431040633, 1.47700169319572, 
1.33294436964051, 1.1311674622345, 1.01822391478037, 1.41195397761104, 
1.27666669849149, 1.11298374166557, 1.41719917438298, 1.35101799872266, 
1.10362070751072, 1.22870251783287, 1.38382775964248, 1.53725500169996, 
1.22742711713737, 1.30446645480613, 0.718078004265697, 1.23356582125975, 
1.21906458944043, 0.999130231471414, 1.13314354488512, 1.12945355130146, 
0.981679039482899, 1.03581618393091, 1.26706195455292, 0.932538744175835, 
1.19040883588006, 1.21955309066146, 1.01758259541448, 0.726510829285993, 
1.32652262756361, 1.07700912483957, 1.02849049258533, 1.63507578072876, 
0.789063508617427, 1.74409651203709, 0.860493336952995, 1.1713166174066, 
0.734545565331458, 1.58058422601695, 1.00054041668706, 1.26997180407177, 
1.26766781799283, 0.988910926117614, 1.03319003742586, 1.5839374822355, 
1.21660120493488, 1.55955946604958, 1.5265368919833, 0.918980224178347, 
1.19654693646332, 0.819564536099941, 0.972124170490732, 1.42414652547086, 
1.13223073670154, 1.41808805300107, 1.15307961896526, 1.39063960130946, 
1.23487629328699, 1.19170868534765, 1.53025791769468, 1.32822061062743, 
1.07382966131506, 0.814616358430193, 0.792305585354248, 1.22668122136845, 
0.864262517626155, 1.29774159121779, 0.819307672110252, 0.961728683946125, 
1.68960492159355, 1.18054996813639, 0.83486443091895, 1.30599109250243, 
1.17691929533821, 1.11200447349841, 1.33600366930765, 0.862898005833943, 
1.27285860002988, 1.1341981199338, 1.14600588764637, 1.25463036235331, 
1.42692818265133, 1.1429646362398, 1.3186662124077, 0.832579354158659, 
0.771328947752449, 0.989516932316783, 1.15411122704485, 0.92217392678824, 
1.07151498867998, 1.3347619085926, 1.20677463030306, 1.04490099227764, 
1.65722004573173, 1.37133479158872, 1.00795315434073, 1.41662619791261, 
1.68869518650926, 1.21800040716638, 1.15906328989646, 1.24792360865918, 
0.843417192839045, 0.928878543068266, 1.22699558467286, 1.44522201240182, 
1.31435947051995, 0.840586041720817, 1.35033915401788, 1.17045570250732, 
0.891592908247427, 1.33387180758542, 1.06576271320885, 1.32690106756729, 
1.28257563794927, 0.806169463350993, 1.17589502158162, 1.19394819373751, 
1.32364561483032, 1.02452045988312, 1.51258884476887, 0.634074836904447, 
1.04054476485102, 1.27259358358902, 1.0997042398042, 1.04897847059999, 
1.42150547110325, 1.23450195143286, 1.09284706572826, 1.17675654206821, 
0.906590629568341, 1.23748903316501, 1.04202303725731, 1.06897654335557, 
0.979443696582162, 1.1752428081348, 1.1846686067382, 1.27352284077732, 
1.45786766248686, 1.08136142557281, 1.29695618777034, 0.98615776141855, 
1.18458289179919, 1.06611297170336, 1.43762684823772, 1.93151827321614, 
1.35434030943004, 0.817348503625474, 1.09867167964531, 1.22897328096971, 
1.45882541148008, 0.912793872825016, 1.36431864203711, 1.44054796111352, 
1.10885161293583, 1.32252945963367, 1.28120991732777, 0.925279633008389, 
1.12338700156575, 1.42308337662652, 1.16875076456419, 1.21800411946905, 
0.90865831685438, 1.71502131504274, 1.33595623074681, 1.40354714107534, 
1.11127820970057, 0.81855659725571, 1.37031602728292, 1.1628226349489, 
1.54202878125832, 1.16611773165701, 1.17282949380468, 1.27789072091771, 
1.41011909578555, 1.10811822032694, 0.907591638880289, 1.1158668774906, 
0.932692000201852, 1.09015497005922, 1.57721158676481, 1.60497779999728, 
1.18536917074791, 0.965056192837652, 0.900518666486338, 1.21156135412964, 
0.802869137314943, 1.03993489005226, 1.33031278453428, 1.1700936336696, 
1.36756692449048, 1.33615596522784, 0.941063072987586, 1.16589637621755, 
1.66574993745948, 1.01452603864076, 1.28779364680056, 1.13275299155254, 
0.925517311740752, 1.04415746782402, 1.36618779258228, 1.0283524547001, 
1.12356576196388, 0.890711155118515, 1.58006875652735, 1.79270239933766, 
0.848479700890713, 1.06612297816741, 0.896859889718686, 1.13232701032278, 
1.06079402793707, 1.36901446824628, 1.3171872610647, 1.09921342788635, 
1.30311673574719, 1.05630105700471, 1.18210186498111, 1.13709992354618, 
0.82505162386214, 1.46280527628724, 0.999919264626774, 1.68557351550107, 
0.971749731287747, 1.24360114083429, 1.23193566107074, 1.41353124348682, 
1.48756152681602, 1.10507145136694, 1.11174862845173, 1.47448945773376, 
1.30361502976557, 1.08247222468121, 1.22442038147366, 0.916978752305633, 
1.23981167170705, 1.567071864739, 1.50684247718021, 1.00772791128106, 
1.37685063178573, 1.03461378078297, 1.5294288176194, 1.54329177748895, 
1.44598826389971, 0.879508450931656, 1.2939247919358, 1.20397230799034, 
1.70342978361273, 0.870346565226506, 0.674579173240508, 1.19401019102249, 
0.799388201475035, 1.538522869159, 1.48020836339057, 1.48770501093891, 
0.812046125461558, 1.45178561735961, 1.91416604351205, 1.41678277854902, 
1.16441204679256, 1.02031209605295, 1.39858091751162, 1.70320872290973, 
1.7196166998984, 1.30759885662885, 1.24862165520703, 1.47735994444169, 
1.07707614638795, 1.29813511104279, 1.1176496064181, 0.93954535944488, 
1.16805442492857, 1.0035177845019, 1.13652835624742, 1.00137595467573, 
1.23320511301824, 1.20060243984785, 0.731297851083754, 1.39449501627527, 
1.00398628278959, 1.21860617184965, 1.07998675209569, 1.41649395737749, 
1.20798372032302, 1.24899724274685, 0.759963532151551, 1.15032254178611, 
1.17439026909277, 1.27195496410426, 1.1275370437137, 1.08454410317356, 
1.02523349666484, 1.2339654154252, 0.952948191603152, 1.20549863124286, 
0.97940764601792, 1.05794620097305, 0.792272340202329, 1.26016183737977, 
1.13198488938809, 1.30775057997444, 1.55967801004853, 1.00631443063917, 
1.06417681103061, 1.13016219801323, 1.43823330195928, 0.909382320120223, 
1.46400035904704, 0.709083364487474, 1.53870045603657, 1.22013005369805, 
0.979865560242519, 0.962082536778015, 1.1446709732258, 0.732254614048045, 
1.1304398915008, 0.98019546922012, 1.09172315477309, 1.22179623715047, 
1.17953969326416, 1.33887139443417, 1.02118040522383, 1.20157921309617, 
1.23985646260805, 1.07452727932411, 1.75300096468342, 1.23293791042338, 
1.19886368169539, 1.43045303118301, 1.28317779796319, 1.02180746317907, 
1.13414053111661, 1.45962921366643, 1.33189190001634, 1.72765650605122, 
1.13982789863364, 1.68058856527821, 1.36510570283139, 1.31978498448505, 
1.39895484955952, 1.31671924401703, 1.71341398457639, 1.51777723032931, 
0.863754424366681, 1.05751063372446, 1.18952009050508, 1.90764015289125, 
1.33986156537216, 1.19032401501517, 1.40656117491832, 1.06822900676027, 
1.47334198845938, 1.24403239745002, 1.04146428682053, 1.26557710583371, 
1.33099034929155, 1.31203543661351, 1.23927430011157, NA, NA, 
NA, NA, NA, NA, NA, NA, NA, NA, NA, NA, NA, NA, NA, NA, NA, NA, 
NA, NA, NA, NA, NA, NA, NA, NA, NA, NA, NA, NA, NA, NA, NA, NA, 
NA, NA, NA, NA, NA, NA, NA, NA, NA, NA, NA, NA, NA, NA, NA, NA, 
NA, NA, NA, NA, NA, NA, NA, NA, NA, NA, NA, NA, NA, NA, NA, NA, 
NA, NA, NA, NA, NA, NA, NA, NA, NA, NA, NA, NA, NA, NA, NA, NA, 
NA, NA, NA, NA, NA, NA, NA, NA, NA, NA, NA, NA, NA, NA, NA, NA, 
NA, NA, NA, NA, NA, NA, NA, NA, NA, NA, NA, NA, NA, NA, NA, NA, 
NA, NA, NA, NA, NA, NA, NA, NA, NA, NA, NA, NA, NA, NA, NA, NA, 
NA, NA, NA, NA, NA, NA, NA, NA, NA, NA, NA, NA, NA, NA, NA, NA, 
NA, NA, NA, NA, NA, NA, NA, NA, NA, NA, NA, NA, NA, NA, NA, NA, 
NA, NA, NA, NA, NA, NA, NA, NA, NA, NA, NA, NA, NA, NA, NA, NA, 
NA, NA, NA, NA, NA, NA, NA, NA, NA, NA, NA, NA, NA, NA, NA, NA, 
NA, NA, NA, NA, NA, NA, NA, NA, NA, NA, NA, NA, NA, NA, NA, NA, 
NA, NA, NA, NA, NA, NA, NA, NA, NA, NA, NA, NA, NA, NA, NA, NA, 
NA, NA, NA, NA, NA, NA, NA, NA, NA, NA, NA, NA, NA, NA, NA, NA, 
NA, NA, NA, NA, NA, NA, NA, NA, NA, NA, NA, NA, NA, NA, NA, NA, 
NA, NA, NA, NA, NA, NA, NA, NA, NA, NA, NA, NA, NA, NA, NA, NA, 
NA, NA, NA, NA, NA, NA, NA, NA, NA, NA, NA, NA, NA, NA, NA, NA, 
NA, NA, NA, NA, NA, NA, NA, NA, NA, NA, NA, NA, NA, NA, NA, NA, 
NA, NA, NA, NA, NA, NA, NA, NA, NA, NA, NA, NA, NA, NA, NA, NA, 
NA, NA, NA, NA, NA, NA, NA, NA, NA, NA, NA, NA, NA, NA, NA, NA, 
NA, NA, NA, NA, NA, NA, NA, NA, NA, NA, NA, NA, NA, NA, NA, NA, 
NA, NA, NA, NA, NA, NA, NA, NA, NA, NA, NA, NA, NA, NA, NA, NA, 
NA, NA, NA, NA, NA, NA, NA, NA, NA, NA, NA, NA, NA, NA, NA, NA, 
NA, NA, NA, NA, NA, NA, NA, NA, NA, NA, NA, NA, NA, NA, NA, NA, 
NA, NA, NA, NA, NA, NA, NA, NA, NA, NA, NA, NA, NA, NA, NA, NA, 
NA, NA, NA, NA, NA, NA, NA, NA, NA, NA, NA, NA, 0.733562050563276, 
0.901225139821556, 0.939460657198488, 0.912106236157447, 0.845155483131534, 
1.41044944938615, 0.845279718900749, 0.835488383983617, 0.805520065339628, 
0.468485118426264, 1.01098841020044, 0.372945225306778, 0.810882020346322, 
0.823314204299749, 0.778421719000463, 1.03506943029294, 0.698138635985477, 
0.730983448080646, 0.67338925286366, 0.740315387504088, 1.0041969402575, 
0.782216637245202, 0.891540868507783, 0.901923305832325, 0.777496566163591, 
0.827197413148585, 1.01879401961137, 1.14314426573008, 1.0833064089373, 
0.865188848088636, 1.12683628664401, 1.02397162793709, 0.571810952731607, 
1.24474712736412, 0.591944740376895, 0.802319013096912, 1.01465565550705, 
0.954119526495811, 0.761879099980852, 0.939894377253686, 0.81600295529514, 
0.968976893178673, 0.933683790155614, 0.804077865706482, 1.01107120991523, 
0.424895465110006, 0.89668527452293, 1.12371587843972, 0.5862266639003, 
0.511462212115903, 0.89776373896383, 0.881816318167885, 1.01189251275713, 
0.861763486797094, 0.671372570935136, 1.00524417558651, 0.970060764742624, 
0.750764840059789, 0.711740302666383, 0.666553625867942, 0.594070494126683, 
0.94866166850736, 0.798318807887962, 0.905139629340684, 0.793374525638391, 
1.12464527724993, 0.950963877845936, 0.781181111610181, 1.04071590345619, 
1.01393814638011, 0.777599658923303, 0.950680421888849, 0.67060450658177, 
0.892078420127039, 0.826411922792905, 0.896270479305, 0.790908336025904, 
0.556488615975408, 1.43204550526547, 0.939837233720214, 0.841963821517441, 
0.591807248051765, 0.998172876885376, 0.63288980467575, 0.740289556230411, 
1.02460876179823, 0.695779767009549, 0.846369663909476, 1.00848756829278, 
0.613873786077545, 0.795296749235791, 1.01081149708217, 1.01736223759971, 
1.06642660272908, 0.731561334437625, 0.761440862687938, 0.575605504307214, 
0.542084894171206, 0.640122325974154, 0.806700135253475, 0.775540708296553, 
0.497864551163725, 0.753703037093619, 0.68075148909406, 0.858981230837161, 
0.793731770792799, 0.935702060265316, 0.992789988690339, 0.893376738077536, 
0.709277873021064, 0.695192649358613, 0.864903581184935, 0.528681319684711, 
0.984806718736772, 1.34687317304515, 0.894017776324256, 0.681067940517318, 
0.811078033916043, 1.17455587200799, 0.603162972595038, 0.538699838420186, 
0.975742595644564, 0.711847547132579, 1.21166547043367, 0.795841465122533, 
1.20119317627439, 0.835733813698137, 1.18560893555296, 0.734652692599462, 
0.666380286384377, 0.861954762976631, 0.867154189900632, 0.917427652103894, 
0.462793825509217, 1.04252381885544, 0.689471297728999, 0.838708377007868, 
0.767796496860082, 0.918754034210969, 0.828940693410195, 0.536473479994358, 
1.00929252260514, 1.13279525641235, 1.13787042788974, 0.950348964987663, 
0.768810706738106, 0.733160555170038, 0.740959123495374, 1.19501247998712, 
0.573177356684198, 0.797464164861364, 0.846043840393672, 0.970604652112185, 
1.08560667228756, 0.751244254278903, 0.573576707879716, 0.654038516912215, 
0.757934784122686, 0.810785486200882, 0.890453924381523, 0.76423365429535, 
0.871531960753272, 0.518667837356215, 0.902811284103848, 0.750123288644227, 
1.08287861940349, 0.97030524136337, 0.7264568869356, 0.756069390786346, 
0.863337434129865, 0.541969314652143, 1.11149341714713, 0.997706603312817, 
1.34865023861301, 0.938136507775291, 1.16345981576433, 0.423459304759719, 
0.448681934758218, 1.04135528937931, 1.13745517923991, 1.15086013715288, 
0.892270559126572, 1.02748575873231, 0.8567628711558, 1.15697878498233, 
0.801159617543978, 1.07986199203166, 0.621991504246176, 1.00778280212461, 
0.711564059429166, 0.72178675159923, 0.832240930927805, 0.769611148693707, 
0.438376225509815, 0.961964877113392, 0.885631298744044, 0.829771570511818, 
0.764537923474392, 0.712838509603599, 0.813664170036623, 0.929720734062336, 
0.866117418605931, 1.01395277234137, 0.717929626102953, 1.02358916010526, 
1.37233043231838, 0.861802512042512, 1.54123251033054, 0.918854463313758, 
0.712458230787384, 1.09616996597179, 0.805380727819637, 0.486839485849665, 
0.758775136754556, 0.74475324945411, 1.22577627641202, 0.770242608668278, 
0.815659575652746, 0.794849440390823, 0.979719635498098, 0.959083149176891, 
0.728888111004779, 0.987789255063772, 0.93107825846587, 0.894161809715679, 
1.06361265639528, 1.18607084631466, 0.9759225294746, 1.38315092614156, 
0.611558245881876, 1.16318185883329, 0.748044983493707, 0.937477109637327, 
0.691628661636851, 1.0672608773128, 0.836842142203467, 0.782954381347024, 
1.12242480256623, 0.771464893671436, 0.929199202585504, 0.88233520557276, 
0.73613801382272, 0.587043035545637, 0.647214337503736, 0.746522841787527, 
0.993937020339411, 0.544732556050907, 0.52573710497328, 0.751610559275182, 
0.505859457272829, 0.700800062303638, 0.481448840230246, 0.545074322669674, 
0.58128749918454, 0.747405823271533, 0.72853231136512, 0.843551189282677, 
0.912926955985138, 0.750080268296992, 0.66984968785843, 0.5967562495363, 
0.739972076043154, 0.695059767567488, 1.06133874526908, 0.772473075457224, 
0.746925096722523, 0.78361387535624, 1.00065979248017, 1.07496953753642, 
0.383064338941082, 0.492841152339856, 0.989313294903048, 0.738494410488567, 
1.14250816031002, 0.520178855837777, 0.797485386515411, 0.812561539516382, 
0.596942072788929, 0.972697361945686, 0.694727495818393, 0.759937075644284, 
0.651309383175069, 0.844928310163474, 0.859761944551409, 0.866959458582205, 
0.560049774977212, 1.08257853167355, 0.578237866113059, 1.06449356107987, 
0.940911889574023, 0.647460931325605, 0.877414143981153, 0.767851212679138, 
0.513760735986894, 1.06029922990921, 0.840504877390252, 0.827320270271035, 
0.777601629618074, 0.537777173349384, 0.573890386634973, 0.880054178653086, 
0.718914681667631, 0.713589461137799, 1.15629734869654, 0.790748892285344, 
0.724233175664246, 1.02773438937924, 0.708957238432269, 0.902595405599916, 
1.00270651076785, 0.382585727031255, 0.674099279013378, 0.682697473958944, 
0.702461750396308, 0.592443149919809, 0.67929210782024, 0.78476703348796, 
0.999523610488437, 0.680355031691133, 1.38476092222628, 0.909319474941494, 
0.835813669219117, 0.731838523505722, 0.730738431013095, 1.18179089191483, 
0.810047461151348, 0.816062154069381, 1.11452944149854, 0.717083695368769, 
0.818451699430423, 0.974631089126886, 1.01684687614652, 1.034894356191, 
0.69329028671136, 0.470135253912295, 0.969759793951617, 0.600149701464782, 
1.09771226064614, 0.729675831847219, 1.01280786053666, 0.679673335745301, 
0.673754801714321, 0.91359688230306, 0.525905357882958, 1.29297940236977, 
0.940559207385682, 0.708813669502775, 0.959371569416084, 0.943308871320049, 
0.950400781224488, 1.13066937006068, 1.51472400974302, 0.725136468277516, 
0.832253047826174, 0.826263728429826, 0.403464045917995, 0.911993742050764, 
0.909891694090653, 1.27569840549965, 1.09762135459903, 0.70179020362875, 
0.834357265337902, 1.08487875466819, 0.890307913794455, 0.812111211788451, 
0.814832370794051, 0.712474988759742, 0.887919880616174, 1.07492784321688, 
0.87285687947523, 0.641123924594462, 0.843886928937903, 0.691095347523318, 
1.08953266477214, 0.764922483350104, 0.891633076428803, 1.02189385638636, 
0.744560933757491, 1.03677658474565, 0.58450710462038, 0.632807255645333, 
1.03968198535148, 0.965712754208092, 0.804001472170116, 0.887065955357866, 
0.906530256395032, 0.424345016591626, 1.3185029549378, 0.693813658568381, 
0.72909113136904, 0.859632859720577, 0.614477315202242, 0.785027755268823, 
1.15548575426818, 1.00147480164555, 0.994022321088474, 0.72024745147523, 
0.842040866568455, 0.68458090552234, 0.530999063024291, 1.14307701581105, 
1.03782006359828, 0.517546948347607, 0.803872119129659, 0.976540312969139, 
0.805384735559549, 0.715436778008219, 1.18098227491941, 0.867850389224187, 
1.07706404296113, 0.854160067785347, 0.713358012313858, 0.742115449909764, 
0.84761037918062, 0.822898335517418, 0.715966763643908, 0.782608557974216, 
1.13038797479649, 1.16634731643172, 0.620494412558386, 0.823084325655244, 
0.775136315335441, 0.985308500686899, 1.07348768433068, 0.946870620341252, 
0.829250129280772, 0.890891405732968, 0.593047284999491, 0.521533368640256, 
0.667175499218876, 1.04483627749073, 0.681299890021593, 0.942186577103484, 
0.788393768062028, 0.911271259364142, 0.700717047887854, 0.738184339864601, 
0.749216927952443, 0.26486801428683, 0.732589158844442, 0.912776009581763, 
0.743674701383463, 0.937036580749142, 1.09192197892986, 0.86155490324013, 
0.751813698890431, 0.726877973487739, 0.843325427112591, 1.1124398717965, 
0.963139760114402, 0.910822888611471, 0.934407853399359, 0.645240943818236, 
1.03128389286467, 1.0515774408924, 1.03940194932661, 0.865792906182886, 
1.06327668930622, 1.03088614697186, 0.769967014693461, 0.888015820256922, 
0.619203265623509, 0.664936812902261, 0.729177332047929, 0.949875088950747, 
0.831971473233218, 0.630746279556269, 0.814104359581154, 1.19370122681558, 
0.927979457261705, 0.798602620482393, 0.728092642644675, 0.939269442813599, 
0.885763078696774, 1.14865239939904, 0.562745669538041, 0.869029594373153, 
0.963234125533256, 0.947172973188928, 0.681413308807894, 1.00979587457348, 
0.749357086314765, 0.853420792072603, 0.774970719181305, 0.698365020896538, 
1.1103964685814, 0.737778373715484, 0.918217300268715, 0.994837822289821, 
0.690707208584992, 0.642484801113427, 1.0377909017454, 1.00702252920821, 
0.869263211091538, 0.831764690217721, 0.840178971013075, 0.585114649085843, 
0.669424716123021, 0.676749910946161, 0.778604308510982, 0.866724657384507, 
0.862501108043939, 0.791646774159447, 0.874264481631449, 0.971358772039997, 
0.739077756680753, 0.898415258739955, 0.917961432275764, 0.827355206026442, 
0.60168909701477, 0.958860932615149, 0.595571115008213, 0.680119963512063, 
0.426965435906294, 0.810741350542093, 0.748976687839369, 0.652766161751836, 
1.01359983342124, 0.461939768395474, 0.954419609425748, 0.396995047035751, 
1.13694749064881, 0.83387911940057, 0.794365873787818, 0.943604409799904, 
0.609562489650459, 0.772780302457862, 1.03354810225967, 0.885173147691448, 
0.952780848682378, 0.417110510261671, 1.02753040120881, 0.618219383367212, 
0.992451120083861, 0.707121118169889, 0.779960978757534, 0.829873854351312, 
0.932221839914727, 0.89838017017939, 1.44677925405602, 1.1442025712984, 
0.864564486492094, 0.713298186976523, 0.732081082696684, 0.885069112923333, 
0.54341914167293, 1.11777443465693, 0.734908211624669, 0.891339311292894, 
0.51945007760027, 0.993154455467562, 0.913701031137128, 0.803021862555196, 
0.868142873760899, 0.41698919695796, 0.826545746452522, 0.967826944511997, 
0.694708539098293, 0.930087240196619, 0.637803351488231, 0.636279163771588, 
1.27543699244049, 0.929249202728702, 1.17915752375881, 0.58896740328162, 
0.694779617592367, 1.43153853461974, 0.896705231597195, 1.24930821973972, 
0.66036650717776, NA, NA, NA, NA, NA, NA, NA, NA, NA, NA, NA, 
NA, NA, NA, NA, NA, NA, NA, NA, NA, NA, NA, NA, NA, NA, NA, NA, 
NA, NA, NA, NA, NA, NA, NA, NA, NA, NA, NA, NA, NA, NA, NA, NA, 
NA, NA, NA, NA, NA, NA, NA, NA, NA, NA, NA, NA, NA, NA, NA, NA, 
NA, NA, NA, NA, NA, NA, NA, NA, NA, NA, NA, NA, NA, NA, NA, NA, 
NA, NA, NA, NA, NA, NA, NA, NA, NA, NA, NA, NA, NA, NA, NA, NA, 
NA, NA, NA, NA, NA, NA, NA, NA, NA, NA, NA, NA, NA, NA, NA, NA, 
NA, NA, NA, NA, NA, NA, NA, NA, NA, NA, NA, NA, NA, NA, NA, NA, 
NA, NA, NA, NA, NA, NA, NA, NA, NA, NA, NA, NA, NA, NA, NA, NA, 
NA, NA, NA, NA, NA, NA, NA, NA, NA, NA, NA, NA, NA, NA, NA, NA, 
NA, NA, NA, NA, NA, NA, NA, NA, NA, NA, NA, NA, NA, NA, NA, NA, 
NA, NA, NA, NA, NA, NA, NA, NA, NA, NA, NA, NA, NA, NA, NA, NA, 
NA, NA, NA, NA, NA, NA, NA, NA, NA, NA, NA, NA, NA, NA, NA, NA, 
NA, NA, NA, NA, NA, NA, NA, NA, NA, NA, NA, NA, NA, NA, NA, NA, 
NA, NA, NA, NA, NA, NA, NA, NA, NA, NA, NA, NA, NA, NA, NA, NA, 
NA, NA, NA, NA, NA, NA, NA, NA, NA, NA, NA, NA, NA, NA, NA, NA, 
NA, NA, NA, NA, NA, NA, NA, NA, NA, NA, NA, NA, NA, NA, NA, NA, 
NA, NA, NA, NA, NA, NA, NA, NA, NA, NA, NA, NA, NA, NA, NA, NA, 
NA, NA, NA, NA, NA, NA, NA, NA, NA, NA, NA, NA, NA, NA, NA, NA, 
NA, NA, NA, NA, NA, NA, NA, NA, NA, NA, NA, NA, NA, NA, NA, NA, 
NA, NA, NA, NA, NA, NA, NA, NA, NA, NA, NA, NA, NA, NA, NA, NA, 
NA, NA, NA, NA, NA, NA, NA, NA, NA, NA, NA, NA, NA, NA, NA, NA, 
NA, NA, NA, NA, NA, NA, NA, NA, NA, NA, NA, NA, NA, NA, NA, NA, 
NA, NA, NA, NA, NA, NA, NA, NA, NA, NA, NA, NA, NA, NA, NA, NA, 
NA, NA, NA, NA, NA, NA, NA, NA, NA, NA, NA, NA, NA, NA, NA, NA, 
NA, NA, NA, NA, NA, NA, NA, NA, NA, NA, NA, NA, NA, NA, NA, NA, 
NA, NA, NA, NA, NA, NA, NA, NA, NA, NA, NA, NA, NA, NA, NA, NA, 
NA, NA, NA), .Dim = c(1000L, 2L, 3L), .Dimnames = list(NULL, 
    c("mi", "cv"), c("intercept", "estimate", "mse")))
