structure(c(5.08644283525113, 4.92087132988789, 4.20465697476994, 
4.86778197153052, 3.54499065387672, 5.67715895552268, 5.16443319614374, 
4.74697709071435, 4.55340769158214, 5.08181715671274, 5.47281168426416, 
4.692070369856, 4.58635727868936, 5.82013167337385, 4.92848086488338, 
5.45617706132902, 5.9649107191667, 5.09858741566386, 5.16062219799659, 
4.8074605229833, 4.24833668555856, 5.1694673781038, 4.19826228335421, 
4.93150386522754, 5.40191049401896, 4.50150011126723, 4.29729169540749, 
4.26087409502798, 5.31161412147259, 5.56667207259043, 5.08643176825037, 
4.78735334831743, 6.48886500448226, 4.80230178108896, 5.43356829786988, 
5.48334323284446, 5.24981831253111, 5.61350569888774, 4.96001289233807, 
6.40420214794187, 4.48767896453074, 4.11785494680529, 5.14208698014926, 
5.08482525257082, 4.21441804270223, 4.50980936093784, 6.19363068876906, 
4.64035005888541, 5.7135181909459, 4.68789253715627, 4.955832710233, 
5.04650600242988, 5.24856753953931, 5.32950214159502, 4.88539343725509, 
4.98440677650269, 4.30264905942637, 5.17242691928769, 6.18024632509351, 
6.331706654029, 4.84470295005166, 4.98109176857972, 5.96104500933528, 
4.36905859440394, 5.83725794690097, 4.73072090242102, 4.68640626881375, 
5.52046766837784, 5.50366125801009, 5.10563288689121, 5.61146704844697, 
5.0500108759201, 5.74045275072628, 4.69494730425671, 5.15032949006866, 
5.29560289998982, 4.44654520307497, 4.7955998493308, 4.91800364092926, 
5.77799253612689, 4.20764285433812, 4.67064856537337, 4.20545761478575, 
5.44239810153021, 4.81493129251545, 5.51239335415083, 4.74399993895651, 
5.52328802405867, 5.56219374072286, 5.55394035356698, 5.55305544125667, 
6.03883469090226, 5.28635432547084, 6.07445528040483, 4.0885252861927, 
5.29533974704523, 5.33626295643987, 4.77960494774518, 4.63163784687765, 
4.95237335273981, 5.40483440444542, 4.88956420238779, 4.37439471666356, 
5.1588209517597, 5.59034139724526, 5.01106012740338, 4.76705411467698, 
4.65476077550418, 5.02887295842232, 5.21110933437796, 5.34789451831881, 
4.37137378596023, 5.0882211812944, 5.43807691859943, 4.09939729074309, 
3.48461614890865, 5.80424318129939, 5.61005347308545, 4.43023738113291, 
5.02329012541257, 4.99312408089823, 5.03210830242021, 5.63862241802179, 
4.02447921855023, 4.98909744079392, 4.13406327199644, 4.79607517643317, 
3.80933394809251, 5.50213494878296, 4.93174333128648, 4.9104716884799, 
5.10993177858045, 5.17247200433297, 4.90424758567408, 5.66123189390023, 
5.33398874805596, 5.9002688999181, 5.01708300790221, 5.18104094135606, 
4.85731077927351, 6.4524833791733, 4.65188263987059, 5.18234264125789, 
5.28714797023037, 6.36530614979099, 4.5352093196714, 5.96855794045894, 
4.47192697906305, 4.33522984213788, 5.20623371905221, 6.66303526009145, 
4.64770033782164, 5.41593018167553, 5.32952618070724, 4.00900615771184, 
5.53053664766165, 5.96057958669691, 5.17974854093483, 4.74312390907089, 
5.04888156840018, 5.17621781199542, 4.43256234842354, 5.57733309166112, 
5.98124216564147, 4.57763508029967, 5.35644167016879, 5.87095458033729, 
4.2214837822575, 4.35590927631846, 5.0516870357296, 4.96273991166474, 
5.29509437951748, 4.94309884154857, 5.07783951091054, 5.09168325261833, 
6.08729617494419, 5.33910217313911, 5.64587197744201, 4.70465567780749, 
4.86227135771475, 5.79041162601962, 4.83109611125613, 5.07389004923337, 
4.69399221154995, 4.96250457877248, 5.33341045882367, 4.18524562324539, 
6.65264333702577, 5.17442707924266, 5.00152452321693, 5.75165740595674, 
4.31790451933371, 4.50425960477805, 5.76834993763796, 5.10124988243364, 
5.03327422184002, 5.70415942724952, 5.59293496770352, 5.87987131430225, 
4.82537845065561, 4.65153020655739, 5.36181177925925, 4.86477182521185, 
4.5938043345859, 5.57237055688657, 5.41504571030383, 5.18678866313745, 
5.93366909957003, 5.48580866917034, 3.93633319903264, 5.55573511344008, 
5.25511319505908, 5.91198983054037, 5.53450131480171, 6.3616437875878, 
5.17881683613936, 5.6128659304389, 6.03817763460241, 4.81043848732293, 
4.17452423182641, 4.63129119220049, 4.66165266243896, 4.21666639348637, 
5.61782703613077, 5.96097516530306, 4.07962337589821, 4.80923622262756, 
4.6227594958649, 4.84237978354813, 4.05930111224541, 5.58763713686271, 
4.65263017543195, 4.58875686846245, 4.46805768662928, 5.12766929002393, 
5.89805947055229, 4.58808886655028, 4.88300161789615, 5.9097998507534, 
5.28222809611378, 6.26547645553268, 6.16678295444047, 4.59725167178451, 
5.01753208814325, 5.51800393946691, 4.93961277374077, 5.69251036424138, 
4.98831887098983, 4.94346768856617, 5.61302397271473, 5.73164090569098, 
4.35686776840808, 5.16661579927838, 4.36833026281774, 4.26283454269016, 
5.07145225667125, 5.46262551943271, 4.21884643892007, 4.79629844477216, 
4.69054934958673, 5.11791871598093, 6.04523696571896, 4.80403417544411, 
3.92103277462096, 4.95483094743253, 6.60014712012728, 4.99595776550631, 
4.64565369982862, 4.30931726005035, 5.49867657833265, 5.86916113481584, 
6.16236583418273, 4.80255452500104, 5.59871165663097, 4.17447978371041, 
5.1240764978745, 4.15196016318818, 4.26757653780239, 6.42677196276773, 
4.89364883233757, 4.17621467380928, 4.70177439684221, 5.74139266756303, 
6.0029015283536, 5.52693150508609, 4.9689543712264, 4.91399435126217, 
4.15572821796318, 4.75434812907058, 4.3222611031757, 5.42171711168301, 
5.4797623083395, 5.04080117111002, 5.68928257856809, 5.5659727242272, 
3.81675615901149, 4.56941068734513, 5.4099625096698, 4.39092113629517, 
5.22911090287731, 5.00365791352537, 4.6788037410885, 5.78912969867976, 
4.24173195273428, 4.87046062795747, 4.14549462852626, 5.62262661822277, 
6.51543382686044, 4.77450106816342, 4.95044240266445, 4.62774182351701, 
6.11034568691699, 5.6077803651878, 5.39986065240683, 5.48948244946562, 
5.0811312564641, 4.80096594392695, 4.87464569924713, 5.01515457248926, 
4.94261787875443, 5.73499010972983, 5.8440577534231, 5.07439042311372, 
5.66997634653089, 5.12541163202893, 4.38850129628198, 4.81309856680404, 
4.28229200281566, 5.02016717767965, 5.39604526311827, 4.68902442019951, 
4.60701543387218, 5.74946019638623, 4.29446376889457, 4.79525395363704, 
5.48723758003578, 5.40015519033021, 4.44987350960582, 5.03216741372445, 
6.00911367119341, 5.95166074758371, 5.07173408125066, 4.87173353728653, 
5.27740300302957, 5.3488657657952, 5.0562474189808, 4.19208937847574, 
6.07873660013062, 5.65590441217987, 4.62944828971921, 5.43313164825605, 
4.76392834679581, 5.02706980982452, 4.85199749203899, 5.2853608225825, 
5.17275813374504, 4.86881463529076, 4.89690014098233, 4.45684648902377, 
4.98235294419936, 5.11480813677355, 5.48942628618295, 5.13399585300645, 
4.37919712565536, 5.04165416197187, 6.20815174232999, 4.35562189715683, 
5.53193796958406, 4.08008336468107, 5.14857149281944, 5.65245534717694, 
5.47100472761415, 6.50573054150491, 5.18819448694153, 5.49983264793912, 
4.9724184005306, 4.49791064294717, 5.46760524462869, 5.16987894601736, 
4.9117409387747, 4.30100083073799, 5.45182129429757, 5.63280285151137, 
4.73973539307837, 4.31152124605011, 4.74273818071521, 4.9463794099424, 
4.83701498678529, 4.78535001794495, 4.01025626815703, 5.14316643905657, 
5.17708142825014, 5.88599106125435, 4.85423247599646, 6.17270888327304, 
4.87636783167445, 4.99469173741199, 5.68570299821311, 4.55949516128037, 
4.10787560413197, 5.97545520746449, 5.53692287401857, 6.01552410011225, 
4.56318022836519, 4.39046503729441, 4.43569747508607, 5.11390539591169, 
5.2930629047122, 4.7946412488762, 5.15862701916621, 4.00803845166472, 
5.39664289284979, 5.11310742835738, 5.33375952655799, 4.70341907781056, 
4.34383777972573, 5.6945720473255, 6.02312381630017, 5.68627364439556, 
5.65535639235738, 4.68892977063175, 4.72435687293418, 5.4102632033677, 
4.27739475408179, 5.24119391105168, 5.36192457654596, 5.31422740328396, 
5.1898049384828, 5.33481755427516, 5.16479331929703, 4.36681726672128, 
3.70097936019545, 4.4251194797446, 5.23636757435627, 5.13247126816949, 
5.05128192735676, 4.5227585809451, 4.38608134547247, 3.81664889622603, 
5.01642421508246, 5.58846198041116, 4.97778161647522, 4.51496354989401, 
5.53266722376407, 4.91196716753238, 5.16653515159638, 4.89359289322082, 
5.50487396690873, 5.29613857132955, 4.95569882698206, 5.15894576287665, 
4.80814529781244, 4.95997216233845, 5.94186404824034, 5.700102721043, 
5.01537491816827, 4.76008481716546, 5.4085494704405, 6.04962108728547, 
5.0993736138501, 4.93534227651939, 5.87622437749143, 4.65045015183603, 
5.16739402466131, 5.01499582264976, 4.88323593507527, 4.68665267574894, 
4.53256115377593, 5.78432347476559, 5.31341853801491, 4.88558216755411, 
5.41861349284662, 4.86589240864992, 5.31240805834616, 5.35480654172614, 
5.50527503755923, 4.4802733784045, 4.81332055296593, 5.20270310302013, 
4.80033267589859, 4.41202899362187, 6.25611652352817, 5.11881670454726, 
4.07441080982533, 5.15065736286264, 5.42784969049789, 4.40243887709122, 
5.30059282581531, 5.15328676649077, 5.74874389889458, 6.02183293461936, 
5.76801422202061, 6.4312346619804, 4.53639543597656, 5.60738269846558, 
6.4482282806895, 6.0337043576576, 4.96638337558108, 4.83907573135835, 
4.77712159247963, 5.94214157094809, 5.76219012282004, 5.435655310299, 
5.8367342032175, 4.81027021542426, 5.45945814125522, 4.68466326151757, 
5.37724599207812, 6.02237919775665, 4.2636462628217, 5.83197241078139, 
4.35268315379405, 4.7066701572271, 5.34803087585205, 4.97751122668256, 
5.36807352911579, 4.83397103856286, 5.49753430204352, 6.07104579986373, 
5.54942138085889, 5.94672561818758, 4.91098952494001, 5.016332496693, 
6.04671222037346, 4.55877183916344, 5.45848901085267, 4.90077035100164, 
5.20409965622038, 5.94491679852782, 5.6370578957233, 5.73920009365392, 
4.51874313600742, 4.92593824676663, 5.29168402052303, 5.22842320254337, 
4.91431521818274, 5.55824211448064, 5.12766195100551, 5.008366463195, 
4.76571350338311, 4.97446910598787, 4.97238574177283, 4.12335466309531, 
5.66180415944054, 4.22959954722657, 5.42440716601419, 4.80995687644314, 
5.35751918019392, 4.83707420473095, 5.13620010205834, 5.03698764905936, 
5.38848696936615, 4.59960670705593, 5.5145298128215, 5.6786378706766, 
4.72138456263521, 4.93395060414487, 5.7534152720867, 4.82959434717932, 
5.50542179701367, 5.32487043331081, 5.44118209357413, 5.48830760036434, 
5.13078084663964, 4.54000169263186, 5.18758322291163, 5.02053829078519, 
5.46999367914598, 4.40377748197565, 5.50462539773562, NA, NA, 
NA, NA, NA, NA, NA, NA, NA, NA, NA, NA, NA, NA, NA, NA, NA, NA, 
NA, NA, NA, NA, NA, NA, NA, NA, NA, NA, NA, NA, NA, NA, NA, NA, 
NA, NA, NA, NA, NA, NA, NA, NA, NA, NA, NA, NA, NA, NA, NA, NA, 
NA, NA, NA, NA, NA, NA, NA, NA, NA, NA, NA, NA, NA, NA, NA, NA, 
NA, NA, NA, NA, NA, NA, NA, NA, NA, NA, NA, NA, NA, NA, NA, NA, 
NA, NA, NA, NA, NA, NA, NA, NA, NA, NA, NA, NA, NA, NA, NA, NA, 
NA, NA, NA, NA, NA, NA, NA, NA, NA, NA, NA, NA, NA, NA, NA, NA, 
NA, NA, NA, NA, NA, NA, NA, NA, NA, NA, NA, NA, NA, NA, NA, NA, 
NA, NA, NA, NA, NA, NA, NA, NA, NA, NA, NA, NA, NA, NA, NA, NA, 
NA, NA, NA, NA, NA, NA, NA, NA, NA, NA, NA, NA, NA, NA, NA, NA, 
NA, NA, NA, NA, NA, NA, NA, NA, NA, NA, NA, NA, NA, NA, NA, NA, 
NA, NA, NA, NA, NA, NA, NA, NA, NA, NA, NA, NA, NA, NA, NA, NA, 
NA, NA, NA, NA, NA, NA, NA, NA, NA, NA, NA, NA, NA, NA, NA, NA, 
NA, NA, NA, NA, NA, NA, NA, NA, NA, NA, NA, NA, NA, NA, NA, NA, 
NA, NA, NA, NA, NA, NA, NA, NA, NA, NA, NA, NA, NA, NA, NA, NA, 
NA, NA, NA, NA, NA, NA, NA, NA, NA, NA, NA, NA, NA, NA, NA, NA, 
NA, NA, NA, NA, NA, NA, NA, NA, NA, NA, NA, NA, NA, NA, NA, NA, 
NA, NA, NA, NA, NA, NA, NA, NA, NA, NA, NA, NA, NA, NA, NA, NA, 
NA, NA, NA, NA, NA, NA, NA, NA, NA, NA, NA, NA, NA, NA, NA, NA, 
NA, NA, NA, NA, NA, NA, NA, NA, NA, NA, NA, NA, NA, NA, NA, NA, 
NA, NA, NA, NA, NA, NA, NA, NA, NA, NA, NA, NA, NA, NA, NA, NA, 
NA, NA, NA, NA, NA, NA, NA, NA, NA, NA, NA, NA, NA, NA, NA, NA, 
NA, NA, NA, NA, NA, NA, NA, NA, NA, NA, NA, NA, NA, NA, NA, NA, 
NA, NA, NA, NA, NA, NA, NA, NA, NA, NA, NA, NA, NA, NA, NA, NA, 
NA, NA, NA, NA, NA, NA, NA, NA, NA, NA, NA, NA, NA, NA, NA, NA, 
NA, NA, NA, NA, NA, NA, NA, NA, NA, NA, NA, NA, NA, NA, NA, NA, 
NA, NA, NA, NA, NA, NA, NA, NA, NA, NA, NA, NA, 4.66624610932613, 
4.92764377475344, 4.62297865067187, 5.09555045245297, 3.61900698294972, 
5.4873495556519, 4.83560048336643, 5.01599958085855, 4.09296800733332, 
5.29331137022455, 5.36647719169779, 4.77779155088038, 4.5310305845071, 
5.68369446389639, 4.79747394893234, 5.73213935962224, 5.67571092378612, 
5.10175885015667, 4.83043446735213, 4.49918549665482, 4.23853857130667, 
4.7281577454888, 3.69309894973824, 5.01174116891597, 5.24374833135385, 
4.14066237891619, 4.3776005508482, 4.24880706252272, 5.52012516987905, 
5.35360501309542, 4.69282871336098, 4.49424467258102, 6.60086956413602, 
4.41401658055284, 5.2795690951383, 5.35775824829799, 5.14341647204198, 
5.59392069224033, 4.36968862703725, 6.38664984382584, 4.329753955198, 
4.76751269276132, 4.70868216783106, 4.88615570090929, 4.22977493717118, 
4.29964473439934, 6.38491709691184, 4.57033581509398, 5.58827950232769, 
4.43233005234403, 4.70506143607481, 4.71158206040584, 5.15686979707578, 
5.21071419352586, 4.79515031780692, 4.71417056928505, 4.2725164784704, 
5.07740840791215, 6.07660301037303, 6.34785145141225, 4.44158738676303, 
5.40011888293138, 5.50591546333139, 4.05490966573986, 6.20302404198163, 
4.90008816241992, 4.35374011134495, 5.44736958291413, 5.44508198310324, 
4.26161768347855, 5.38086483126143, 5.27821025471463, 5.57459179283677, 
4.9380772096481, 5.07211804454725, 5.30489356532854, 4.0736205553496, 
4.70872572703204, 4.6508384650122, 4.84691700368365, 4.30875493518268, 
4.56787724572009, 4.08423224056583, 4.85309014960862, 4.76948850635113, 
5.39852064303586, 4.54602940256074, 5.3933479690645, 5.16666710864106, 
5.10200204412196, 5.54705830305128, 5.49683168283359, 4.88278111663561, 
6.33994874823598, 4.40000000424991, 5.46296152545951, 5.3072729371909, 
4.4812437571514, 4.42677213169208, 4.69473693954333, 5.20415269140561, 
4.76999175704638, 4.02043432265625, 4.80704246559792, 5.844523388996, 
4.52414047394829, 4.611852420373, 4.78738418941198, 4.83164033993871, 
4.97195299502862, 5.37750628977442, 4.28551903541243, 4.98679336228633, 
5.59790983431901, 3.99251457948863, 3.44166021975027, 5.83674223062354, 
5.62403546435536, 4.6189023301525, 5.20342761510999, 4.90363510156948, 
5.00910100026035, 5.72370631366732, 3.83238066220732, 4.58825678194114, 
4.47497630997866, 4.73497907695661, 3.88575306725351, 5.31720041791, 
4.60294570913621, 5.0380056677769, 5.6325320207329, 5.00907065231061, 
4.54385973910296, 5.94178003910843, 5.06811655962344, 5.7943357780293, 
4.92531308648913, 4.94764334508911, 4.78155487150648, 5.89597551644201, 
3.95527451848649, 4.93387753144754, 5.40214656611486, 6.32419158999951, 
4.41438797691957, 5.94022016595447, 4.23100117387705, 4.0400796605962, 
5.05463393564993, 6.23281311626836, 4.39261227214787, 5.34478251527208, 
4.799854745671, 3.62426011283577, 5.45299957165034, 5.78490796170769, 
5.01345188455012, 4.60108290127995, 5.08870546494155, 4.88903063981466, 
3.80245273032695, 5.40592311775601, 4.91319308603702, 4.42541775092067, 
5.30248263686936, 5.08495000372358, 4.20897293054415, 4.36906583575787, 
4.99844541459258, 4.41097976825796, 5.37384242091033, 4.19388104662781, 
4.85455477407049, 5.17040266028482, 5.79187254821941, 5.09013839972397, 
5.32314625700427, 4.61399331488696, 4.71786087428883, 5.83885478871484, 
4.47125601895105, 5.04505419450796, 4.78742970262614, 5.17487240591222, 
4.8738978287658, 4.10791701015352, 6.24929660887732, 5.11406270723106, 
4.72145301454849, 5.70054765151436, 4.34439104519841, 4.54506443648264, 
6.22883592268632, 4.76649241210444, 4.76588788035928, 5.86381022168322, 
5.233508652528, 5.60973669982841, 4.53714246923796, 4.76506176479169, 
5.17666949011456, 4.61814848057461, 4.23309859834239, 5.6373473135951, 
5.50002122110691, 4.97453456202004, 6.01815123007796, 5.37219535796774, 
3.76695939173068, 4.94626587052126, 5.29597518298301, 5.67545876159324, 
5.36806238746269, 6.03212244412878, 4.96716010660407, 4.93423247267552, 
5.81770874681489, 4.74294297852399, 4.3891507660927, 4.73785383612046, 
4.61450067808692, 4.32392152598782, 5.38641655492903, 5.95076813594608, 
3.81566494963957, 4.96427436007437, 4.13038286107564, 4.98524582504716, 
4.04961181710441, 5.50291957439644, 4.55053132840877, 4.9746875312954, 
4.38860559662079, 4.63296433026962, 6.17257366513171, 4.6502962161572, 
5.22002125192288, 5.1996211244525, 5.37656237701511, 6.01385713693402, 
6.00610195536556, 4.69085007755835, 5.07003128128895, 5.38333592014837, 
4.95285089097003, 5.42090092498458, 4.8249969709145, 4.35569429502509, 
5.46910597957091, 5.59174992825373, 4.21990140994411, 5.01237355976808, 
4.3978713048479, 3.653705539869, 4.87235783438822, 5.55217421284321, 
3.77854499429412, 4.72637760746818, 4.2742303582137, 5.04090440375286, 
6.4004426293725, 4.89003008090356, 3.97606776552941, 4.74135761472664, 
6.71310500633787, 5.64699940411365, 4.26110173796307, 4.58559341584964, 
5.07378817217569, 6.10508572586964, 6.57882744101279, 4.70175123587544, 
5.64850851807365, 4.436406938947, 4.79889643587432, 3.93320774390726, 
4.15797973413098, 6.2308900718097, 4.58812228058458, 4.3311845866554, 
4.82511920306935, 5.61625265969111, 5.30456668935424, 5.11346030554079, 
4.61231087390795, 5.30947938206458, 4.11639701497205, 4.09773076740637, 
4.14496882629572, 5.33753544225741, 6.01972603276523, 4.98424205882974, 
5.69864733581948, 5.02758179819872, 3.75033116701972, 4.43276284819127, 
5.48154602406453, 4.10136058410231, 4.84773195432437, 5.09880138328827, 
4.35014142184498, 5.55659793293775, 4.01190486385438, 4.77830393680236, 
4.29997684754228, 5.82126088144987, 6.39865204312444, 5.08500909236872, 
4.78536471279006, 4.75731399938667, 6.35428877742101, 5.30473392612783, 
5.45285590315808, 5.33816238786411, 4.97970962063783, 4.33004137949397, 
4.80485408281172, 5.39526229937183, 4.73730073386235, 5.60170102648597, 
5.79145657652268, 5.28779092028222, 5.31205830495628, 5.35413720923156, 
4.48204608313907, 4.82765345023554, 3.90829794076291, 4.94072826011625, 
5.30734879881835, 4.44836311416246, 4.51593530355219, 5.58284466849, 
4.33493682697118, 4.76632088972381, 5.54466139983037, 4.94015423236439, 
4.47841138946015, 4.91587342567896, 6.02438811877189, 5.80282972993959, 
4.83705962336169, 4.22758375613646, 5.23167171641284, 4.79189282679328, 
5.1344373043973, 3.97178435680776, 5.75361728989056, 5.75582466248753, 
4.28476326978081, 5.39145563140008, 4.94729713976183, 4.82368347879694, 
4.2978015779296, 4.94967695674381, 4.90025699125342, 4.95158175963623, 
4.61622122091722, 4.5872526553271, 5.18351399465937, 4.85393489545223, 
5.16794807333288, 4.89838714068892, 4.63046160152415, 5.42792765401952, 
6.09503982531472, 4.05855149765391, 5.33752687810702, 4.07520344667846, 
5.4520411751133, 5.33908048641469, 5.45133977733466, 6.26350803665809, 
4.76333949506256, 5.92819524677651, 5.13610705344746, 4.26920286524572, 
5.37050999586549, 4.88080448628196, 4.75395455216033, 3.98839554192425, 
5.6925789888684, 5.55234958672407, 5.0893432195299, 4.3623995714103, 
4.82364555261687, 5.02927052230176, 4.72693280255386, 4.22457304806694, 
3.69556468739386, 5.6010907402089, 5.00779445847371, 5.58614549580659, 
4.63925393744218, 5.96565826014525, 4.58104477648623, 4.90712948248257, 
5.63418069969612, 4.17301774670213, 3.905897758007, 5.49997621798616, 
5.65360613062326, 6.00865310046935, 4.2988940785536, 4.79070005385924, 
4.37277974745484, 5.28796586212061, 5.45718448734114, 4.66693343470218, 
5.03591612947635, 4.06037916084681, 5.34231140128101, 4.69410383273559, 
5.43579833071308, 4.22446908346836, 4.4798770597676, 5.85916568538515, 
6.07742996877168, 5.86451623018853, 5.70969971801241, 4.58577961372117, 
4.60120513913981, 5.49422722159477, 4.09432906312082, 5.09240065029681, 
5.25909495665144, 5.37447039198261, 5.10068982100648, 5.25761271869045, 
5.17502908677674, 4.20559030602331, 3.31324697570691, 4.03724921298421, 
5.36858318119994, 5.45097896150522, 5.01413210333285, 4.56302148539398, 
4.0803050398474, 3.60344576698215, 5.14620659917626, 5.24742028028771, 
4.80611888253137, 4.52856418331019, 5.06459294940991, 4.47953768243547, 
4.7271140301565, 4.93824173196062, 5.45922761241887, 5.16310625851917, 
5.22106522662427, 5.42803874646184, 4.67574771153318, 4.83091802735053, 
5.8718813441536, 5.64297196165485, 5.08200859820432, 4.83830923977274, 
5.42037812306919, 5.95389808135057, 5.16134885805817, 4.69191546398169, 
5.94302010923597, 4.62479122340492, 5.06538425993917, 4.67403340246281, 
4.07067064911753, 4.04316083545434, 4.5518087921683, 5.74634246980507, 
5.28005400234049, 4.41459202372689, 5.32187473183313, 4.5497187931951, 
5.68816943533709, 5.31729682509791, 4.89771433986944, 4.40256685166235, 
4.71399202926924, 4.81938645779355, 4.60413001480676, 4.62238647200131, 
6.35674929920879, 4.91043637827832, 4.02722552362536, 4.91609232580248, 
5.63552669625045, 4.59123565126716, 5.5702733403301, 5.00490535782855, 
5.7331203421057, 5.86126263075772, 5.88353339917735, 6.44628300949941, 
3.62542531404008, 5.6143511182884, 6.04444034376943, 6.03868863281173, 
4.82802690785756, 4.95212713383201, 4.77161597622081, 5.82438410199828, 
5.21258348072869, 5.40197305705009, 5.68188378053203, 4.70658115165513, 
5.16929936779514, 4.39379260472294, 5.3672387027887, 5.6588955311314, 
4.23937088712152, 5.67134230521802, 4.39947124727744, 4.97334686619944, 
5.61859051931211, 4.53199505691386, 5.29090356351992, 4.60930138381771, 
5.31434969403749, 5.95351095979546, 5.27704908333834, 5.61940786896875, 
4.99567254072533, 5.1232521563189, 5.61855870224896, 4.50944396147962, 
5.32928286995964, 4.84795080756236, 4.76837809960503, 5.03479859572299, 
5.2475584385294, 5.8730995782703, 4.30726277898884, 4.83055881140791, 
4.68466713390381, 5.35072505103664, 4.62786409259723, 5.61481203919671, 
5.33704885845002, 4.94098182834686, 4.37521168176009, 4.86063994839739, 
4.95995052853652, 4.11895904533653, 4.82701248070413, 4.28320795555434, 
5.44000539949715, 4.51164225697158, 5.31395281446955, 4.68558950089817, 
5.29563419763915, 5.35652623928456, 5.27369299694786, 4.31246894716858, 
5.43704007575948, 5.71459878481038, 4.18945594761326, 4.95804234099596, 
5.58826143116648, 4.25998385040673, 5.7430299377159, 5.23324482875743, 
5.09945024350946, 5.39412452120554, 4.92560617082929, 4.25520467513684, 
4.67272739655814, 4.57503709683708, 5.38831042155523, 4.70646679109302, 
5.66862966530298, NA, NA, NA, NA, NA, NA, NA, NA, NA, NA, NA, 
NA, NA, NA, NA, NA, NA, NA, NA, NA, NA, NA, NA, NA, NA, NA, NA, 
NA, NA, NA, NA, NA, NA, NA, NA, NA, NA, NA, NA, NA, NA, NA, NA, 
NA, NA, NA, NA, NA, NA, NA, NA, NA, NA, NA, NA, NA, NA, NA, NA, 
NA, NA, NA, NA, NA, NA, NA, NA, NA, NA, NA, NA, NA, NA, NA, NA, 
NA, NA, NA, NA, NA, NA, NA, NA, NA, NA, NA, NA, NA, NA, NA, NA, 
NA, NA, NA, NA, NA, NA, NA, NA, NA, NA, NA, NA, NA, NA, NA, NA, 
NA, NA, NA, NA, NA, NA, NA, NA, NA, NA, NA, NA, NA, NA, NA, NA, 
NA, NA, NA, NA, NA, NA, NA, NA, NA, NA, NA, NA, NA, NA, NA, NA, 
NA, NA, NA, NA, NA, NA, NA, NA, NA, NA, NA, NA, NA, NA, NA, NA, 
NA, NA, NA, NA, NA, NA, NA, NA, NA, NA, NA, NA, NA, NA, NA, NA, 
NA, NA, NA, NA, NA, NA, NA, NA, NA, NA, NA, NA, NA, NA, NA, NA, 
NA, NA, NA, NA, NA, NA, NA, NA, NA, NA, NA, NA, NA, NA, NA, NA, 
NA, NA, NA, NA, NA, NA, NA, NA, NA, NA, NA, NA, NA, NA, NA, NA, 
NA, NA, NA, NA, NA, NA, NA, NA, NA, NA, NA, NA, NA, NA, NA, NA, 
NA, NA, NA, NA, NA, NA, NA, NA, NA, NA, NA, NA, NA, NA, NA, NA, 
NA, NA, NA, NA, NA, NA, NA, NA, NA, NA, NA, NA, NA, NA, NA, NA, 
NA, NA, NA, NA, NA, NA, NA, NA, NA, NA, NA, NA, NA, NA, NA, NA, 
NA, NA, NA, NA, NA, NA, NA, NA, NA, NA, NA, NA, NA, NA, NA, NA, 
NA, NA, NA, NA, NA, NA, NA, NA, NA, NA, NA, NA, NA, NA, NA, NA, 
NA, NA, NA, NA, NA, NA, NA, NA, NA, NA, NA, NA, NA, NA, NA, NA, 
NA, NA, NA, NA, NA, NA, NA, NA, NA, NA, NA, NA, NA, NA, NA, NA, 
NA, NA, NA, NA, NA, NA, NA, NA, NA, NA, NA, NA, NA, NA, NA, NA, 
NA, NA, NA, NA, NA, NA, NA, NA, NA, NA, NA, NA, NA, NA, NA, NA, 
NA, NA, NA, NA, NA, NA, NA, NA, NA, NA, NA, NA, NA, NA, NA, NA, 
NA, NA, NA, NA, NA, NA, NA, NA, NA, NA, NA, NA, NA, NA, NA, NA, 
NA, NA, NA, NA, NA, NA, NA, NA, NA, NA, NA, NA, NA, NA, NA, NA, 
NA, NA, NA, 0.219111351488969, 0.239436500495219, 0.240712077909914, 
0.231405502735185, 0.251326426989868, 0.212022299366097, 0.280219198997574, 
0.217408635261189, 0.222881200028325, 0.251618197952028, 0.23512190961716, 
0.220350475453717, 0.290824841985463, 0.178620172391415, 0.215971983057689, 
0.211642615264973, 0.233966731608068, 0.24506246213382, 0.17731087818958, 
0.183953084868005, 0.226951446620771, 0.202498231209326, 0.21638821486092, 
0.270900635423934, 0.271262028276759, 0.217838451000938, 0.239519692121981, 
0.229546962304307, 0.225143924764479, 0.193019785261603, 0.221974360400773, 
0.182445347454296, 0.187415201682237, 0.220645311011304, 0.15571207238786, 
0.218093505842054, 0.241724779095725, 0.17996516204763, 0.209582610241862, 
0.210905134608631, 0.247680935378733, 0.29311646357199, 0.168844867419238, 
0.214285368739721, 0.215202956124569, 0.251496041390834, 0.213006413887196, 
0.26555345868284, 0.196987624261621, 0.265473048600485, 0.223769127925416, 
0.226465494125, 0.221128047669598, 0.228622351307919, 0.192348562578597, 
0.237868406183514, 0.239367673211197, 0.212221227112871, 0.158272201106944, 
0.173476531236741, 0.236413163776493, 0.227069529643932, 0.19204389172077, 
0.209964683917237, 0.207953784863197, 0.215893603065608, 0.197788687288394, 
0.170192254888368, 0.241564455592844, 0.161399794493848, 0.245332249972045, 
0.298798800372023, 0.198456414100973, 0.236966341115105, 0.235356682147216, 
0.264169848195043, 0.231884016685998, 0.198835230394956, 0.186760908585063, 
0.145755152749067, 0.244277650202878, 0.236673925866421, 0.260645824352862, 
0.214602549124099, 0.218148803558245, 0.223022739471295, 0.279455480437373, 
0.207635804832977, 0.215476397847921, 0.192985190562613, 0.22237428205033, 
0.18974191249688, 0.229129317235013, 0.277757639936073, 0.248262551899051, 
0.260299508402359, 0.236615676699014, 0.211088688869803, 0.216612268930673, 
0.219062193792581, 0.217351360708127, 0.266602799493929, 0.210030308909363, 
0.198219436878651, 0.216912491803046, 0.227288568111788, 0.241746797003701, 
0.292523398699167, 0.222080911240687, 0.230618055130847, 0.240845055240859, 
0.249328476394191, 0.238120891912467, 0.294811254431018, 0.274721271389288, 
0.270817110154994, 0.221834228264876, 0.241149647161888, 0.268481690850083, 
0.227078316150901, 0.224336340981224, 0.223902373532319, 0.221697659036274, 
0.300746918917175, 0.174343482030471, 0.311642015965684, 0.270928189262415, 
0.234231150317808, 0.173905897568224, 0.184415881808109, 0.262517587414207, 
0.195346159248358, 0.24196674902078, 0.221256518706956, 0.160241193691727, 
0.193293956221461, 0.185914053203521, 0.240892999217354, 0.211193473395253, 
0.300983063365511, 0.203383359844058, 0.241918407895036, 0.233738783200099, 
0.204198650477708, 0.195298763560755, 0.213193834188964, 0.199558019074125, 
0.235198409647636, 0.206260753037898, 0.200982079004998, 0.173313669348848, 
0.228068385256669, 0.194498303929714, 0.192797043249667, 0.237491216834323, 
0.197874177290421, 0.17583082361745, 0.197602398906365, 0.220378610786282, 
0.197418342274155, 0.259201891134381, 0.195346928990166, 0.192728051192606, 
0.188701044094089, 0.283595874570244, 0.206129042400108, 0.134990693648201, 
0.240402037254408, 0.2920072495849, 0.245488401296355, 0.178575928159301, 
0.19216438085175, 0.201392170003643, 0.177947180927838, 0.234279142358217, 
0.161964269300569, 0.231317259675564, 0.181611121128225, 0.231548716006552, 
0.206827176963765, 0.213610751154775, 0.238173585972859, 0.209891425166279, 
0.284088278342397, 0.263760551926477, 0.20363777287512, 0.24166434261783, 
0.150766922078075, 0.225936717231954, 0.227631679250118, 0.224028929787354, 
0.247418978737735, 0.249311358383085, 0.214158467916988, 0.192265587054322, 
0.207549438941252, 0.198606249851507, 0.200970348148573, 0.214297827671316, 
0.222592511315476, 0.245687459284068, 0.18342848609141, 0.20248313238054, 
0.205071268831046, 0.178087419547825, 0.238012396346041, 0.19184728081569, 
0.167802929516344, 0.176410217813554, 0.259615194800041, 0.160214687449241, 
0.238341262262575, 0.248559264681266, 0.246697673219057, 0.153920704976459, 
0.206854424168852, 0.188814842872929, 0.196103379844136, 0.255929107533148, 
0.264695573434333, 0.29980357958874, 0.206247588064769, 0.231471619433783, 
0.181122579892343, 0.172814166871516, 0.218899149606126, 0.258974706936563, 
0.208341418234883, 0.216482023406062, 0.213177358500857, 0.19741631682427, 
0.239480130413125, 0.212913457734154, 0.225960440650563, 0.220240137301708, 
0.211497453854116, 0.204857878940516, 0.342716985957721, 0.200290503591514, 
0.237625607829176, 0.169745737341502, 0.179807166664948, 0.253647989441498, 
0.214253184735726, 0.192703278036807, 0.250130571434985, 0.209711637404675, 
0.23971232529676, 0.223732484294243, 0.185736028914064, 0.245791055123355, 
0.248993958675083, 0.230815426271246, 0.22180716409284, 0.218777695501443, 
0.179761395994223, 0.217542202157417, 0.230087310142467, 0.235318809051096, 
0.21882703305052, 0.235943624932833, 0.209020765048149, 0.250407383601512, 
0.231303279990461, 0.264557055239564, 0.140465834177625, 0.18838781397429, 
0.22020776750012, 0.243503148532651, 0.203318560617471, 0.2036354614078, 
0.1653189224232, 0.222156619343386, 0.22260412056533, 0.202512487123, 
0.18876261721161, 0.228922122973479, 0.228622292395193, 0.164905011467053, 
0.226619799119363, 0.241717018992582, 0.182337284230253, 0.183332032374781, 
0.156339653224523, 0.196719461056078, 0.206506850556414, 0.205137760718129, 
0.223205497342865, 0.197126631396707, 0.235049638006196, 0.167567915946127, 
0.165017612026294, 0.237797248703929, 0.153473075272575, 0.200153642581037, 
0.247015777200476, 0.267119507250837, 0.173505081408624, 0.207005031739183, 
0.211377186202402, 0.243828943183161, 0.193730046428731, 0.195348237969455, 
0.244171292086838, 0.268231205620632, 0.277292305771355, 0.238571776308502, 
0.147843168699269, 0.263184542118268, 0.217743041361207, 0.258834430450618, 
0.149932755290724, 0.176116024724652, 0.213809165853842, 0.174354735377384, 
0.225487016456368, 0.241998797386256, 0.212624213692714, 0.243375822681266, 
0.217216353485253, 0.199026647135741, 0.201157940749422, 0.265512009829181, 
0.192274967503407, 0.237807297549226, 0.263847480584463, 0.212746040160444, 
0.214833204213739, 0.247455063708339, 0.257519066232493, 0.214141863769247, 
0.251253033625657, 0.225709822026895, 0.259385305975405, 0.227966379369856, 
0.173116492663403, 0.227507368104465, 0.252008946337535, 0.197518002275171, 
0.198056280267893, 0.249204791964519, 0.263432288948822, 0.183174277281197, 
0.201366574874467, 0.192967041896016, 0.27585600672608, 0.278609275899063, 
0.179100185155639, 0.187913404795565, 0.184627985884762, 0.23471912553057, 
0.236032769948881, 0.243977830640594, 0.205465872937127, 0.190943417938834, 
0.235348541712174, 0.274391401162389, 0.207423769973465, 0.215570266955243, 
0.247072507961279, 0.180356985448263, 0.185525323187951, 0.212600014353919, 
0.211310847507624, 0.20885608187177, 0.159723136799274, 0.220824606928207, 
0.190328292419452, 0.252398910278055, 0.287163844314811, 0.181468986736439, 
0.199676432123661, 0.133722343933834, 0.220210055814729, 0.207551636590462, 
0.236637896994096, 0.245730121641195, 0.195048602653548, 0.235688412980282, 
0.212169507448281, 0.279139915680323, 0.289845161048889, 0.221353516393617, 
0.222458717307296, 0.237435418677651, 0.22390187102195, 0.231045757309632, 
0.273658752293746, 0.228393021528877, 0.265679860074601, 0.265312183387852, 
0.212008935526826, 0.172423312888438, 0.257861386184103, 0.144875919590856, 
0.226359558378109, 0.211109693825924, 0.25419642861552, 0.220422524942184, 
0.223320126301802, 0.170641203871032, 0.212971389025555, 0.167552453454704, 
0.257219652627213, 0.291395553914093, 0.218856493136601, 0.21686572051478, 
0.257614491037324, 0.256758252944063, 0.18780908840081, 0.247840403837343, 
0.235137096917874, 0.214773878312382, 0.193429562038718, 0.234586465995103, 
0.283241371206476, 0.21340420600768, 0.200878098089498, 0.212062135042266, 
0.189443861830091, 0.219039901101457, 0.237899393401079, 0.22407076058321, 
0.225556790899119, 0.196637663131638, 0.206663427511247, 0.18314856846424, 
0.227497314952601, 0.174211645800449, 0.251427459832235, 0.252152692984126, 
0.2431422656964, 0.246470431886028, 0.220129596059574, 0.225661086020047, 
0.246218100647735, 0.220406231534978, 0.253962558762862, 0.239331402360075, 
0.289880142009316, 0.203553956597425, 0.20580163411617, 0.319896194430572, 
0.192850888289199, 0.221685077217362, 0.19753230848788, 0.24330454796256, 
0.19833465921888, 0.22789723543877, 0.268072717229315, 0.206768238144981, 
0.206299644253833, 0.243545311464166, 0.243465900335928, 0.193831891867119, 
0.278166935607532, 0.277098235334004, 0.293936534099071, 0.208306763327603, 
0.21159998114736, 0.189273739871933, 0.220142352535896, 0.239234649799315, 
0.248869180102579, 0.220014814056484, 0.173587614917897, 0.275453711216044, 
0.283564689931762, 0.164987606751842, 0.198022419268223, 0.174586591767401, 
0.231337493312233, 0.196591995451603, 0.279233154259229, 0.231102293417535, 
0.201389040228472, 0.228196418109702, 0.190295823857078, 0.230604229560877, 
0.200999199936994, 0.248991307541049, 0.214616169830453, 0.22841255847669, 
0.249584673783926, 0.207149122162216, 0.196863655557275, 0.258933159937269, 
0.246804409176703, 0.238948852370404, 0.216033244145956, 0.182719222305938, 
0.19807065775717, 0.154753476251696, 0.223141781445296, 0.202910436790191, 
0.143395419035729, 0.23671620432388, 0.249713751928633, 0.254401814953427, 
0.211161693180756, 0.168937032705194, 0.219034687063619, 0.167904004944544, 
0.233347463386046, 0.204807235741118, 0.222041962164938, 0.231933968863455, 
0.202965660247862, 0.190503199002727, 0.231473995215789, 0.207888967464472, 
0.282081110540808, 0.245019916779328, 0.239053454872081, 0.199177711122937, 
0.161026485356416, 0.227608652549338, 0.222720420356978, 0.229768890475357, 
0.196037621748299, 0.192191747791824, 0.202871602393341, 0.19669576737315, 
0.182123868175976, 0.222172262963232, 0.246731766915694, 0.244949125606965, 
0.202266015597486, 0.170078577051333, 0.220976155659943, 0.181947854612851, 
0.247676437805809, 0.247473198451937, 0.203516146165356, 0.20783767784559, 
0.221788604890299, 0.225886322722395, 0.243613230003787, 0.266771080667839, 
0.210976637489953, 0.27393452047588, 0.232965619883991, 0.23116754137702, 
0.159464719986406, 0.259549606496286, 0.197125599029741, 0.209478616298942, 
0.191403346710645, 0.195841572023604, 0.212665965495693, 0.24118539909048, 
0.216862166261809, 0.221154225604688, 0.252945970414932, 0.190110117211837, 
0.24228663948219, 0.242551620400929, 0.200175596920198, 0.168677216300164, 
0.210574427212532, 0.201374934997341, 0.200978532706056, 0.180484365762706, 
0.181678424888197, 0.20902597712718, 0.183610858802587, 0.212842670120232, 
0.216180862332316, 0.258220263461481, 0.241118023278365, NA, 
NA, NA, NA, NA, NA, NA, NA, NA, NA, NA, NA, NA, NA, NA, NA, NA, 
NA, NA, NA, NA, NA, NA, NA, NA, NA, NA, NA, NA, NA, NA, NA, NA, 
NA, NA, NA, NA, NA, NA, NA, NA, NA, NA, NA, NA, NA, NA, NA, NA, 
NA, NA, NA, NA, NA, NA, NA, NA, NA, NA, NA, NA, NA, NA, NA, NA, 
NA, NA, NA, NA, NA, NA, NA, NA, NA, NA, NA, NA, NA, NA, NA, NA, 
NA, NA, NA, NA, NA, NA, NA, NA, NA, NA, NA, NA, NA, NA, NA, NA, 
NA, NA, NA, NA, NA, NA, NA, NA, NA, NA, NA, NA, NA, NA, NA, NA, 
NA, NA, NA, NA, NA, NA, NA, NA, NA, NA, NA, NA, NA, NA, NA, NA, 
NA, NA, NA, NA, NA, NA, NA, NA, NA, NA, NA, NA, NA, NA, NA, NA, 
NA, NA, NA, NA, NA, NA, NA, NA, NA, NA, NA, NA, NA, NA, NA, NA, 
NA, NA, NA, NA, NA, NA, NA, NA, NA, NA, NA, NA, NA, NA, NA, NA, 
NA, NA, NA, NA, NA, NA, NA, NA, NA, NA, NA, NA, NA, NA, NA, NA, 
NA, NA, NA, NA, NA, NA, NA, NA, NA, NA, NA, NA, NA, NA, NA, NA, 
NA, NA, NA, NA, NA, NA, NA, NA, NA, NA, NA, NA, NA, NA, NA, NA, 
NA, NA, NA, NA, NA, NA, NA, NA, NA, NA, NA, NA, NA, NA, NA, NA, 
NA, NA, NA, NA, NA, NA, NA, NA, NA, NA, NA, NA, NA, NA, NA, NA, 
NA, NA, NA, NA, NA, NA, NA, NA, NA, NA, NA, NA, NA, NA, NA, NA, 
NA, NA, NA, NA, NA, NA, NA, NA, NA, NA, NA, NA, NA, NA, NA, NA, 
NA, NA, NA, NA, NA, NA, NA, NA, NA, NA, NA, NA, NA, NA, NA, NA, 
NA, NA, NA, NA, NA, NA, NA, NA, NA, NA, NA, NA, NA, NA, NA, NA, 
NA, NA, NA, NA, NA, NA, NA, NA, NA, NA, NA, NA, NA, NA, NA, NA, 
NA, NA, NA, NA, NA, NA, NA, NA, NA, NA, NA, NA, NA, NA, NA, NA, 
NA, NA, NA, NA, NA, NA, NA, NA, NA, NA, NA, NA, NA, NA, NA, NA, 
NA, NA, NA, NA, NA, NA, NA, NA, NA, NA, NA, NA, NA, NA, NA, NA, 
NA, NA, NA, NA, NA, NA, NA, NA, NA, NA, NA, NA, NA, NA, NA, NA, 
NA, NA, NA, NA, NA, NA, NA, NA, NA, NA, NA, NA, NA, NA, NA, NA, 
NA, NA, NA, NA, NA, NA, NA, NA, NA, NA, NA, NA, NA, 0.283786201153837, 
0.250370696074072, 0.200244528712256, 0.198933042089845, 0.241362437896801, 
0.247611561841867, 0.371825621522579, 0.173450106759334, 0.291480557148434, 
0.219035904012242, 0.265075967142844, 0.218716729955122, 0.301198597144636, 
0.20708307264281, 0.277051129126672, 0.174801064443221, 0.291996580354643, 
0.244467818166418, 0.267703394142819, 0.24130631956107, 0.229915575692804, 
0.304492212342336, 0.310333245689056, 0.271836481763104, 0.310802568943039, 
0.290198514354522, 0.227473363805873, 0.227589290705804, 0.195966853018238, 
0.273934164819527, 0.286769578235137, 0.291599397854802, 0.142940650960901, 
0.272529500669071, 0.218217818637649, 0.247110958350214, 0.279273414036128, 
0.196939127925019, 0.304306787397213, 0.242341862072516, 0.273747308801415, 
0.192494509807651, 0.231401120790173, 0.279806956837456, 0.211629299898663, 
0.284184111454992, 0.182536820714519, 0.283498509152619, 0.227398839845947, 
0.308484403859031, 0.268691548501936, 0.285283239501546, 0.242136208385472, 
0.252156551556853, 0.238352226740243, 0.290973011032202, 0.244957892228041, 
0.223181643896309, 0.147642302609842, 0.161009795252368, 0.298702559366352, 
0.146464960685173, 0.290514710951567, 0.249310610608645, 0.137508408591927, 
0.45449476659775, 0.239361917835105, 0.187554024683953, 0.251140687378167, 
0.284013162168652, 0.336157549334131, 0.249255954404667, 0.298659386648922, 
0.218721529054834, 0.245892275895223, 0.271392934522455, 0.300313224186239, 
0.202096288211708, 0.225236238220149, 0.296315960623837, 0.229110838076193, 
0.257287809072423, 0.283375582019095, 0.342723787248789, 0.213812687915085, 
0.236880091156863, 0.312745947197393, 0.231999565144384, 0.336452726661224, 
0.286695714397989, 0.228030434253379, 0.36801171353889, 0.298224569788366, 
0.211384272978284, 0.24040408572396, 0.228870424949682, 0.242051305308195, 
0.257802161135123, 0.245352586172884, 0.340595479023529, 0.271545653128892, 
0.298861833084806, 0.263439604007564, 0.26542223800365, 0.168866148470937, 
0.4382245121364, 0.270769798496478, 0.267656508591454, 0.259062027206363, 
0.27306052886655, 0.239238270843838, 0.260910580342247, 0.250816798083599, 
0.254853025501124, 0.299856053792676, 0.276201504149623, 0.246156438497563, 
0.261844967344199, 0.235953421489922, 0.193302536832634, 0.241155940813901, 
0.244693998710248, 0.205744428602739, 0.336034980383398, 0.243643807818776, 
0.257042985386294, 0.282383707914269, 0.224355932039865, 0.207318916881583, 
0.232806684827222, 0.238604966296019, 0.241063038298542, 0.271518038902752, 
0.283238055444534, 0.122207237095497, 0.258212415293433, 0.198941852317558, 
0.255909079555651, 0.244565373757906, 0.323903118290563, 0.491853521764505, 
0.432369207362914, 0.278685341557718, 0.219788110444187, 0.203007743521658, 
0.230007040288334, 0.2152885435882, 0.280564278369917, 0.269473700451439, 
0.260076607287097, 0.338482218964164, 0.291673558935346, 0.202013818643184, 
0.305915346458751, 0.384842177755177, 0.221125861231294, 0.205609232280619, 
0.23424741861998, 0.45845232518896, 0.193906960844162, 0.383055610148811, 
0.296120560526269, 0.241122119574946, 0.391385168838411, 0.324070769004657, 
0.228234739689412, 0.253836163524826, 0.242278665011411, 0.290063398534859, 
0.260672907590655, 0.281595428152287, 0.17181678049611, 0.342449523813415, 
0.221647830537368, 0.220723487542876, 0.21309007189507, 0.273307345559006, 
0.24499470888654, 0.247067247231049, 0.227614245251068, 0.202041156805224, 
0.308273645973238, 0.231797338432356, 0.281977676225317, 0.227427281951592, 
0.277600426656773, 0.286779475426018, 0.276611146785826, 0.238795639428126, 
0.271979433257586, 0.231695392953712, 0.244557590405713, 0.246084314787667, 
0.0146428040173056, 0.289483503489065, 0.287709320509262, 0.167441143277455, 
0.268707036717145, 0.274327461521513, 0.271092417309923, 0.213553190883404, 
0.205641096179196, 0.247773291612812, 0.262494442837639, 0.164064185712306, 
0.250477303408301, 0.227941246286512, 0.152217428886513, 0.244906133467671, 
0.287855472145128, 0.280595792696152, 0.231012048084712, 0.337525135784067, 
0.270247741489035, 0.21194187005714, 0.249115441041978, 0.367998265014643, 
0.242811334720949, 0.264719910550569, 0.232501593294388, 0.288300401195276, 
0.214534042069628, 0.219981684691226, 0.219022127199769, 0.169169151574525, 
0.295784152442103, 0.232760431074229, 0.292843168752456, 0.202541742889774, 
0.227263257969957, 0.216754467110297, 0.262474461635375, 0.261964275595452, 
0.237878254151836, 0.341574616703479, 0.164008296308656, 0.197406912508011, 
0.27952580457771, 0.355350537750512, 0.25077242748307, 0.242177200794076, 
0.213030893754191, 0.236150151859525, 0.200386189285536, 0.209752618442505, 
0.410711048756854, 0.304959250130184, 0.280907328208129, 0.346116426463325, 
0.271031020103313, 0.273155702690021, 0.279372301792827, 0.308215933172034, 
0.221878448797975, 0.336799067018258, 0.227651002368103, 0.207962322042707, 
0.310519714203283, 0.250321856733093, 0.293315788693872, 0.254917624899792, 
0.0572561184320484, 0.272900127249436, 0.275391940622082, 0.313255929149756, 
0.0944585051877102, 0.024104828776802, 0.278804344550619, 0.197101555679455, 
0.278360090272335, 0.136546301085697, 0.0976368592972697, 0.246495359651168, 
0.196027287259272, 0.498052839107279, 0.236172624943465, 0.267565888368165, 
0.243933333101724, 0.203212140008736, 0.27540014611174, 0.221436117961914, 
0.188420976341375, 0.205080792239422, 0.280411293592204, 0.296600501345829, 
0.294572149592717, 0.355146067797883, 0.319114905822395, 0.311242258192649, 
0.261643479538192, 0.20325710748156, 0.165626115055922, 0.246281115545971, 
0.177721434919296, 0.29198319098904, 0.263411748309277, 0.331966339501868, 
0.164893399951847, 0.246083987850234, 0.362611149965399, 0.227998126567263, 
0.234979601057566, 0.238460432900651, 0.281540326788041, 0.294106427634055, 
0.275166041163514, 0.209778558427467, 0.205260149804581, 0.211953288143192, 
0.252613709620924, 0.234539647475055, 0.196557514741606, 0.251556953593734, 
0.203872556337982, 0.180581242449407, 0.259586501507969, 0.320169855849549, 
0.31326257176116, 0.157511250019382, 0.253528427095507, 0.222555751911174, 
0.246388500224211, 0.233501935253907, 0.269291436416461, 0.218564244114558, 
0.252057218290204, 0.212929682871548, 0.265234319343047, 0.257059342794096, 
0.274149653288724, 0.280274951157274, 0.266920248515996, 0.256160953034127, 
0.256122913336407, 0.24356128760052, 0.155537838325691, 0.368735530167398, 
0.247728264359387, 0.222824960436348, 0.211864555629724, 0.308698204366302, 
0.319657542324098, 0.298364125191683, 0.204863299976573, 0.312466493847492, 
0.272887494209867, 0.315088359853315, 0.250299874241313, 0.179298894950828, 
0.249944235655692, 0.240237827836101, 0.210271378701249, 0.281551389419425, 
0.302454010922805, 0.283699155163755, 0.30340346116428, 0.261454687543668, 
0.256523899662948, 0.201825993360567, 0.225882374445462, 0.236850261602539, 
0.266780376636618, 0.251528695973853, 0.178081008086359, 0.14252716363684, 
0.273047455520609, 0.297719165568786, 0.212944427027813, 0.253130897978445, 
0.227700132872778, 0.249040759440435, 0.215697951835548, 0.140189849324302, 
0.30804914863488, 0.137922273587139, 0.230482352758773, 0.280036288296414, 
0.243112929893888, 0.292664837276762, 0.240924004865288, 0.337753407332901, 
0.23880959731505, 0.266615843160055, 0.175342956492881, 0.237076950862828, 
0.217875441806585, 0.213168662889668, 0.297617387933137, 0.329976853445785, 
0.317781344480903, 0.30381551780464, 0.248823724292754, 0.224453794219757, 
0.33498627826206, 0.227835154348969, 0.301685323374198, 0.223649408596644, 
0.274464672130372, 0.286746054407909, 0.253768885412902, 0.260852361528127, 
0.181438699908214, 0.147504804260047, 0.29254123634629, 0.243211151330402, 
0.240642370535312, 0.213891710128102, 0.228409631894931, 0.279764112889811, 
0.244376941833772, 0.242028956510139, 0.254113550087914, 0.30467078027735, 
0.188030717719347, 0.336705391756399, 0.276845490705508, 0.240951709173277, 
0.194189825835055, 0.170058279680745, 0.183035655005892, 0.239470316576233, 
0.255358747310835, 0.20361905495627, 0.272590128641992, 0.220627727632944, 
0.225943981241469, 0.177424880556712, 0.244206399479411, 0.195229562546963, 
0.254943732573144, 0.271097314806173, 0.298773634922444, 0.337338368390775, 
0.192111191924157, 0.190424684494387, 0.246993363053228, 0.223227077046257, 
0.37229588703858, 0.271915259397882, 0.252509683663551, 0.292536042119478, 
0.236188659261207, 0.427318148730164, 0.325918216781902, 0.309560954007521, 
0.267237656853136, 0.263997686086579, 0.211873195955317, 0.29355319963297, 
0.243411898765857, 0.162152199998686, 0.236264099929879, 0.267742961774401, 
0.256587657352192, 0.229997710942036, 0.343178065472775, 0.365674819693971, 
0.299645933725532, 0.226254826940398, 0.266871152179575, 0.227160943673445, 
0.215701004375026, 0.236983085594228, 0.283341156968396, 0.293274678808946, 
0.342273281344246, 0.439803706564254, 0.279955757733193, 0.167381716195043, 
0.210783031688791, 0.260179481145191, 0.261184660542437, 0.251280747636163, 
0.208020855819693, 0.250339015908652, 0.31020257240852, 0.239564089605314, 
0.222321677476058, 0.324078483819699, 0.230515513087507, 0.22702386197318, 
0.202292032096838, 0.259901441659519, 0.268827173369171, 0.244914347664879, 
0.128255063884261, 0.230295915777461, 0.196239312705179, 0.282648295303936, 
0.213354002576555, 0.229709039886502, 0.163151308791842, 0.171828523357471, 
0.412810339299348, 0.216295167528393, 0.207998235763862, 0.219995366706608, 
0.282183515979834, 0.257119114164022, 0.21232350621183, 0.19311521397732, 
0.31135016404879, 0.173615182509641, 0.290274149074455, 0.233551488653828, 
0.287358921520229, 0.279492001948234, 0.213174652471254, 0.276693996362928, 
0.235236219680854, 0.238007112257604, 0.275204130881897, 0.205018410433476, 
0.190112547145665, 0.310726807481613, 0.177603107376853, 0.274020400625927, 
0.263336223605433, 0.427773788400944, 0.262651100125801, 0.28432397498296, 
0.197267433861227, 0.235392418998409, 0.270361005338326, 0.222946329122457, 
0.280080619636813, 0.254340229937587, 0.279737657486255, 0.388164301771719, 
0.383231960630458, 0.183180584329743, 0.283502265244487, 0.264250857697699, 
0.350452481915093, 0.219599275061523, 0.269708665754492, 0.240262110461251, 
0.212470283403266, 0.279405699701866, 0.273090380136232, 0.295277487524095, 
0.231749622665762, 0.231826884040835, 0.278872816330303, 0.250313977664463, 
0.205572123626595, 0.267580334857698, 0.198362221835552, 0.214420960536047, 
0.182772072574292, 0.229218318385348, 0.265398686017956, 0.333370054590443, 
0.272163572947104, 0.184829212815615, 0.358494105059457, 0.239965714337393, 
0.232474432285246, 0.333072449124647, 0.128208758484935, 0.218554735851107, 
0.260674605047584, 0.194754062164007, 0.225075947454495, 0.287942001778242, 
0.268652041344115, 0.279019982613808, 0.22389630367128, 0.206965278109752, 
0.239131768636057, NA, NA, NA, NA, NA, NA, NA, NA, NA, NA, NA, 
NA, NA, NA, NA, NA, NA, NA, NA, NA, NA, NA, NA, NA, NA, NA, NA, 
NA, NA, NA, NA, NA, NA, NA, NA, NA, NA, NA, NA, NA, NA, NA, NA, 
NA, NA, NA, NA, NA, NA, NA, NA, NA, NA, NA, NA, NA, NA, NA, NA, 
NA, NA, NA, NA, NA, NA, NA, NA, NA, NA, NA, NA, NA, NA, NA, NA, 
NA, NA, NA, NA, NA, NA, NA, NA, NA, NA, NA, NA, NA, NA, NA, NA, 
NA, NA, NA, NA, NA, NA, NA, NA, NA, NA, NA, NA, NA, NA, NA, NA, 
NA, NA, NA, NA, NA, NA, NA, NA, NA, NA, NA, NA, NA, NA, NA, NA, 
NA, NA, NA, NA, NA, NA, NA, NA, NA, NA, NA, NA, NA, NA, NA, NA, 
NA, NA, NA, NA, NA, NA, NA, NA, NA, NA, NA, NA, NA, NA, NA, NA, 
NA, NA, NA, NA, NA, NA, NA, NA, NA, NA, NA, NA, NA, NA, NA, NA, 
NA, NA, NA, NA, NA, NA, NA, NA, NA, NA, NA, NA, NA, NA, NA, NA, 
NA, NA, NA, NA, NA, NA, NA, NA, NA, NA, NA, NA, NA, NA, NA, NA, 
NA, NA, NA, NA, NA, NA, NA, NA, NA, NA, NA, NA, NA, NA, NA, NA, 
NA, NA, NA, NA, NA, NA, NA, NA, NA, NA, NA, NA, NA, NA, NA, NA, 
NA, NA, NA, NA, NA, NA, NA, NA, NA, NA, NA, NA, NA, NA, NA, NA, 
NA, NA, NA, NA, NA, NA, NA, NA, NA, NA, NA, NA, NA, NA, NA, NA, 
NA, NA, NA, NA, NA, NA, NA, NA, NA, NA, NA, NA, NA, NA, NA, NA, 
NA, NA, NA, NA, NA, NA, NA, NA, NA, NA, NA, NA, NA, NA, NA, NA, 
NA, NA, NA, NA, NA, NA, NA, NA, NA, NA, NA, NA, NA, NA, NA, NA, 
NA, NA, NA, NA, NA, NA, NA, NA, NA, NA, NA, NA, NA, NA, NA, NA, 
NA, NA, NA, NA, NA, NA, NA, NA, NA, NA, NA, NA, NA, NA, NA, NA, 
NA, NA, NA, NA, NA, NA, NA, NA, NA, NA, NA, NA, NA, NA, NA, NA, 
NA, NA, NA, NA, NA, NA, NA, NA, NA, NA, NA, NA, NA, NA, NA, NA, 
NA, NA, NA, NA, NA, NA, NA, NA, NA, NA, NA, NA, NA, NA, NA, NA, 
NA, NA, NA, NA, NA, NA, NA, NA, NA, NA, NA, NA, NA, NA, NA, NA, 
NA, NA, NA, NA, NA, NA, NA, NA, NA, NA, NA, NA, NA, NA, NA, NA, 
NA, NA, NA, 1.11753681248849, 1.01083437103646, 1.5034882782179, 
1.17814770910627, 1.37954439460815, 0.967749610272754, 1.00060134069455, 
1.19685169128044, 1.38462132688017, 0.888959498294252, 1.28760472527268, 
1.53603092753782, 0.940710218250267, 1.44059000523931, 1.21036958834539, 
1.75109367704829, 1.1148552968346, 1.17895062633591, 1.43489620611352, 
1.32240710037189, 1.09750006347361, 1.25169781904288, 1.54070242961546, 
0.993646289587062, 0.83462365474204, 1.18145615437825, 1.04816751718868, 
1.08148784004046, 1.57910140033482, 1.41651046032561, 1.07545123735345, 
1.33086870365679, 0.992225891252829, 1.24267109624213, 1.75025856283019, 
1.19077070077404, 0.743965919381677, 0.861615613288073, 1.39900204175534, 
1.27718365877909, 1.06392080168631, 1.44296012050032, 1.35595705578116, 
1.66850373506802, 1.06594586828004, 1.37488271769864, 1.20750990302225, 
1.13488032514549, 1.11149942531599, 0.911521213371558, 0.999648437018861, 
1.01218328682031, 1.29818023251647, 1.04999895723645, 1.67026494444942, 
1.26852038351059, 1.07754330369776, 1.22302518327314, 1.20883048366813, 
1.14037842382679, 1.25252539218749, 1.18769364458351, 1.2127710387395, 
1.19444853867487, 1.70389002186571, 1.49729644706259, 1.21945602454365, 
1.25744996629007, 1.00286169880169, 1.59769202065338, 0.906552006514212, 
1.27914991479775, 1.41226090945459, 0.978077405472982, 0.718802314492343, 
1.04299105847127, 1.22680634596482, 1.68510207170014, 1.12881199707655, 
1.64050132033755, 0.717506046179558, 0.951818634065223, 0.909594386308495, 
1.2611613362436, 1.56236539657606, 1.28942413667855, 1.15970246108043, 
0.939472042076626, 1.44399006619534, 1.18741187878723, 0.952763948696457, 
1.01012904125691, 1.14742971138561, 0.90320108342182, 1.41780586494801, 
1.07156491700392, 0.619643754804816, 1.0903961809967, 1.10533677292178, 
1.30133712810105, 0.943457885130192, 0.899426612582462, 1.33921012359777, 
1.24874968148413, 1.23051211381304, 1.58539833242315, 0.984368589457391, 
1.15009212508182, 0.933582077901062, 1.02155212851782, 1.23527095579987, 
1.29776152205655, 1.56617185401617, 0.887141479643189, 1.20375564902218, 
1.05817488515637, 1.43238237950209, 1.33750227582886, 1.13936847317507, 
0.840256254960606, 1.24909464076109, 0.906978616957263, 0.984394372105462, 
1.14015081472206, 1.58132954407972, 1.21144486176023, 0.849231511289662, 
0.899803909220701, 1.05744051745923, 1.16222364979475, 0.734152356956534, 
1.71553489949138, 1.29531907980124, 0.855713875443255, 1.2912634011849, 
1.1148257549541, 1.2611733715529, 0.854036392583744, 1.27411497336325, 
1.0585072830335, 0.999745524443562, 1.62280045810424, 0.933139314322842, 
1.97872595294699, 0.763823521255143, 1.05951210099594, 0.929013480662725, 
1.38826039360307, 1.39200645762472, 1.37601831320669, 1.33988427528768, 
1.40318902348981, 1.24310504742628, 1.30653790874373, 1.33079730023843, 
1.39945523509669, 1.01683296839386, 1.15788278170128, 1.37264140744901, 
1.01948968311793, 1.28772051085165, 1.32798480394045, 1.46947802461109, 
1.30079803806482, 1.4498677804798, 0.941930924299644, 1.44863802692227, 
0.842353105095107, 0.89081029238749, 1.41782063168202, 1.44447230573803, 
1.37272543024507, 1.62014628307669, 1.39457067834844, 0.952278620289467, 
1.28738860462342, 1.04262185089838, 1.10441551647514, 1.22588370249034, 
1.21856912983422, 1.15415748421934, 1.16646546965853, 1.26015286756025, 
1.31353600930663, 1.08881297161178, 1.07664748301363, 1.25905338206419, 
1.17064250650749, 1.33380280616447, 1.17436471389261, 1.01957907855997, 
1.24229040774377, 1.36619210383893, 1.10024889942292, 1.33327348154465, 
1.1563663214591, 1.17512739497457, 1.15491056085624, 1.04928133990434, 
1.29109480113329, 1.10386530011352, 1.32296067564748, 1.22753811176767, 
1.08291116574607, 1.55245533155695, 1.19249796366494, 1.59025544961423, 
1.01917847510792, 2.0124827108748, 1.12371329308785, 1.52996982458467, 
1.1894964327641, 1.36342610442066, 1.01892166014703, 1.35235590481684, 
1.31554359661344, 1.25996569073355, 0.964753706283838, 1.03914773521151, 
0.89203112623941, 1.29559410169917, 1.20051974097816, 1.15756186199736, 
1.10694820680771, 0.969439444725343, 1.52493594029813, 0.978771725416426, 
1.30440488729822, 1.17672398789526, 1.49879023097144, 1.14783551173931, 
1.21357107921024, 1.77278580028552, 0.977341624003869, 1.2883468838891, 
1.46312763891347, 1.1515625962497, 1.03610412445609, 1.03144975627333, 
1.60028263902111, 1.1643924896917, 1.19046574199249, 1.49728516297785, 
1.18765202480664, 1.29067381234246, 1.56818258506795, 1.18051425806556, 
1.01409485907555, 1.37884398189485, 1.14537287871841, 1.0943639174353, 
1.53002822217767, 1.56805598823678, 0.936874825693775, 1.21284095642254, 
1.65662234062428, 1.27405040746357, 1.49844230670579, 1.13016472502809, 
1.04823848416991, 0.937101228816248, 1.75976172687262, 1.80989676170754, 
1.7634931856374, 1.01752596559243, 1.37572643028413, 1.67141265983574, 
1.47193738989832, 1.56158556491344, 1.24294754185043, 1.2212777319048, 
1.36671237207624, 1.26168777149731, 1.15863349137288, 2.13053460613455, 
1.36748883855799, 1.24137574834321, 1.16054244227688, 1.06433281289671, 
1.42419573204148, 1.24356503765175, 1.24393378961641, 1.00756812452067, 
1.49991126363036, 1.45410321305889, 1.25140747318354, 2.04396139326966, 
1.83026855002796, 1.40008759895673, 0.912572856201534, 1.20283831924743, 
1.68159239580504, 0.981857918198516, 1.44479717539436, 1.26108986882743, 
1.17104077022715, 1.15842934305832, 1.4875696410852, 1.13216180238346, 
1.47646777309221, 1.00703085709832, 1.29654398603507, 1.11086166650499, 
1.41085716032609, 0.98030521525192, 1.20768741454547, 1.09261408673189, 
1.84362006798408, 1.00156032756421, 1.36162846166999, 1.08858239199375, 
1.80976876132601, 1.33636415346291, 0.760670525616707, 1.3376708230139, 
1.45220831510928, 1.13130173994059, 1.80403880009576, 1.13617900243599, 
1.35873581960662, 1.05387218012093, 1.36090769039799, 1.20242725374775, 
1.22209174549443, 1.67890185714815, 0.896596224533467, 1.47737637492435, 
1.73637798430875, 1.5188234934107, 0.851450537131814, 1.20323680846135, 
0.981108159247057, 1.15292562361893, 1.33069303778252, 1.37746436955085, 
1.58754977029885, 0.936783947209558, 1.16162493950764, 1.30858849419196, 
1.29029099418002, 1.12180595804413, 1.1601852695108, 1.53622376344883, 
1.22235042064403, 1.06913276085103, 1.42976049255533, 1.07980559383421, 
1.07450468655836, 1.71616584783147, 1.43055004876896, 1.23431071427359, 
0.979585267757696, 1.17177929185382, 1.07144783198736, 1.01757071570892, 
1.29562809486721, 0.906962557725646, 1.29459659279624, 1.41261682486758, 
1.24873235509833, 1.39735382407166, 1.41180784044012, 1.07771700049168, 
1.47631254606027, 1.43150624938301, 1.52745901972689, 1.26300958852797, 
1.32716592686579, 1.07851903963539, 1.06107413665413, 1.51256711574637, 
1.3474828530695, 1.06289432017772, 1.20585519792487, 1.43488956368528, 
1.07296777078854, 1.02902084557877, 1.47555234658646, 1.11228222295198, 
1.05375731292579, 1.16499721309814, 1.64409599771221, 1.33660121580414, 
1.45594615839255, 1.15074050682961, 0.96351768887542, 1.09105987252238, 
1.47881683920637, 1.20150787675008, 1.17971366503715, 1.65510492639685, 
1.15005319766572, 0.915454475348681, 1.26315928684024, 1.39857746056096, 
1.20679529324775, 1.17563317665147, 1.07178329767013, 1.43645523519808, 
1.39016697918263, 1.59933244852736, 1.19844643541248, 0.977710586636797, 
1.25136256622906, 1.52008065721355, 1.40902507687564, 1.5686439402972, 
0.903752179963599, 1.30910090639921, 1.55116581975737, 1.05058946375507, 
1.04050089103532, 1.14909634157625, 1.35455986204081, 1.27065054973549, 
1.07195544150587, 1.3383461476799, 1.29655306599669, 1.36675537407346, 
1.05711987727628, 0.916467115398882, 1.10604933180166, 0.922596802754321, 
1.32461551021788, 1.2072302204442, 0.924648892024747, 1.61840129263746, 
1.06089385934993, 1.01488176632549, 0.967760673540191, 1.01166283684598, 
1.13114416856852, 1.61984107672586, 1.10366691698393, 1.53892496852141, 
1.56963294142723, 1.29757241813291, 1.31800292915922, 1.02603800194142, 
0.949212499244336, 1.20819087901507, 1.04876051030197, 1.24218906194181, 
1.14795839947071, 1.19812877377002, 1.07058086407178, 1.37145257920914, 
0.951018181561407, 1.16127354010968, 1.39820370880896, 1.33087937389723, 
1.25083630756299, 0.986894828177152, 1.01573598810527, 1.70250888169164, 
1.70727443636486, 1.47186213311799, 0.967892451894981, 0.915647432107684, 
1.20730279852079, 1.04526933757039, 0.802074531635448, 1.73102962035345, 
1.04587344673254, 1.45346888872396, 1.51844087298909, 1.2777404712223, 
0.790738821030262, 1.08283665061237, 1.47178743074404, 1.45186746542966, 
0.939418676418552, 1.07756906144961, 1.05840513305151, 1.2880556499893, 
1.29475005158914, 0.92438425486728, 1.3235142044716, 1.14183819925287, 
0.939060639265448, 1.18718154420977, 1.18489504409747, 0.87219300255509, 
1.49137939483981, 1.21189533813627, 0.797779274093915, 1.17975886372084, 
0.969656257872758, 1.26987722794138, 1.00989835778264, 1.23512795768908, 
1.46562237917322, 1.59636959694843, 1.24946960083144, 1.06014845026271, 
1.26529400949016, 1.15280590629447, 1.25833591459595, 1.380837465365, 
0.649432998007728, 0.837709610078398, 1.36773657396036, 1.45856934501768, 
1.26751555232424, 1.38793065537273, 1.10742022081337, 0.93473649111266, 
1.21464712695722, 0.832383244927908, 1.11180961295218, 0.730755931272125, 
0.976941763898124, 0.967802394753508, 0.957187438493008, 1.84894907691996, 
1.01030127881614, 1.38013461567128, 0.999188385534668, 1.42674200986416, 
1.20593223494478, 1.28137482918268, 1.26232562394532, 1.63633874622042, 
1.32832330196809, 1.1949768669062, 0.830134020796474, 1.00104892532661, 
1.0897049604069, 1.60796323647053, 1.54299677685002, 1.2906096539408, 
1.06328059981908, 1.24815615821367, 1.46402773535738, 1.62149734434284, 
1.19446729419131, 1.21832723820097, 1.09893850873079, 1.00229399124406, 
1.53623702162718, 0.829202353393872, 1.60602289743257, 1.00223703809908, 
1.55338557938238, 0.91493467843713, 1.15363035736672, 1.2627156898307, 
1.18492263098558, 0.888188032366993, 1.02682709787585, 1.64873293702146, 
1.27611886814897, 1.4474439381267, 0.992747723753037, 1.26263896355835, 
1.55197443050837, 1.24897519693331, 1.1687605590243, 1.84917552142422, 
0.908151323001057, 0.892977569514083, 1.31444540235829, 1.22759349327528, 
1.44771547781614, 1.78771838734994, 1.06740007135792, 1.14095534094134, 
1.10405719779847, 1.23515937094044, 1.79356796807793, NA, NA, 
NA, NA, NA, NA, NA, NA, NA, NA, NA, NA, NA, NA, NA, NA, NA, NA, 
NA, NA, NA, NA, NA, NA, NA, NA, NA, NA, NA, NA, NA, NA, NA, NA, 
NA, NA, NA, NA, NA, NA, NA, NA, NA, NA, NA, NA, NA, NA, NA, NA, 
NA, NA, NA, NA, NA, NA, NA, NA, NA, NA, NA, NA, NA, NA, NA, NA, 
NA, NA, NA, NA, NA, NA, NA, NA, NA, NA, NA, NA, NA, NA, NA, NA, 
NA, NA, NA, NA, NA, NA, NA, NA, NA, NA, NA, NA, NA, NA, NA, NA, 
NA, NA, NA, NA, NA, NA, NA, NA, NA, NA, NA, NA, NA, NA, NA, NA, 
NA, NA, NA, NA, NA, NA, NA, NA, NA, NA, NA, NA, NA, NA, NA, NA, 
NA, NA, NA, NA, NA, NA, NA, NA, NA, NA, NA, NA, NA, NA, NA, NA, 
NA, NA, NA, NA, NA, NA, NA, NA, NA, NA, NA, NA, NA, NA, NA, NA, 
NA, NA, NA, NA, NA, NA, NA, NA, NA, NA, NA, NA, NA, NA, NA, NA, 
NA, NA, NA, NA, NA, NA, NA, NA, NA, NA, NA, NA, NA, NA, NA, NA, 
NA, NA, NA, NA, NA, NA, NA, NA, NA, NA, NA, NA, NA, NA, NA, NA, 
NA, NA, NA, NA, NA, NA, NA, NA, NA, NA, NA, NA, NA, NA, NA, NA, 
NA, NA, NA, NA, NA, NA, NA, NA, NA, NA, NA, NA, NA, NA, NA, NA, 
NA, NA, NA, NA, NA, NA, NA, NA, NA, NA, NA, NA, NA, NA, NA, NA, 
NA, NA, NA, NA, NA, NA, NA, NA, NA, NA, NA, NA, NA, NA, NA, NA, 
NA, NA, NA, NA, NA, NA, NA, NA, NA, NA, NA, NA, NA, NA, NA, NA, 
NA, NA, NA, NA, NA, NA, NA, NA, NA, NA, NA, NA, NA, NA, NA, NA, 
NA, NA, NA, NA, NA, NA, NA, NA, NA, NA, NA, NA, NA, NA, NA, NA, 
NA, NA, NA, NA, NA, NA, NA, NA, NA, NA, NA, NA, NA, NA, NA, NA, 
NA, NA, NA, NA, NA, NA, NA, NA, NA, NA, NA, NA, NA, NA, NA, NA, 
NA, NA, NA, NA, NA, NA, NA, NA, NA, NA, NA, NA, NA, NA, NA, NA, 
NA, NA, NA, NA, NA, NA, NA, NA, NA, NA, NA, NA, NA, NA, NA, NA, 
NA, NA, NA, NA, NA, NA, NA, NA, NA, NA, NA, NA, NA, NA, NA, NA, 
NA, NA, NA, NA, NA, NA, NA, NA, NA, NA, NA, NA, NA, NA, NA, NA, 
NA, NA, NA, NA, NA, NA, NA, NA, NA, NA, NA, NA, 0.775804136395773, 
0.839263577136515, 0.772206666123404, 0.919744869318425, 1.11490629618735, 
0.818353492209909, 0.773358289469428, 0.840121263502955, 0.93090670655377, 
0.73421045353868, 0.759352510434526, 0.780513152189192, 0.841817755559897, 
0.816575947138089, 0.752641937018983, 0.803040468412514, 0.988866698040088, 
1.14559514599822, 1.00747165252161, 1.06632168652497, 0.947646278402371, 
0.782117711958276, 1.01929930003812, 0.699592670544255, 0.832696997445807, 
0.882991752746296, 0.971846993512069, 0.833375232102327, 0.582273881130107, 
0.850235096767574, 0.927915346177294, 0.610883875983354, 0.630994917647746, 
0.824333605313976, 1.21209250540847, 1.04303889062517, 0.481941525002289, 
0.61416001069033, 0.826676603713402, 0.614322771179983, 0.917057466176624, 
0.896672116699598, 0.853437368206359, 0.72970015120175, 0.814938025960658, 
0.907484450233871, 0.900965352784355, 0.954599777834792, 0.90096469381601, 
0.755452229284381, 0.75280229903296, 0.788448151406801, 1.04354329140868, 
0.756813095177363, 1.12734416157816, 1.0743759342057, 0.844908992825921, 
0.947023573691417, 1.0976007647956, 0.619504161169067, 1.1089366208721, 
1.03602896919134, 0.756204124497281, 0.813424419036962, 0.763003325954518, 
0.878005480942175, 1.00206262105214, 1.11386171044961, 0.836029127559299, 
1.10876105366231, 0.659934541635699, 1.2464130934582, 0.869178272415144, 
0.617235514832072, 0.734717142564994, 1.01349908901585, 0.898207950725906, 
0.886253933395211, 0.867124508661628, 0.897389082900787, 0.612504345962599, 
0.686667754807571, 0.772796021921659, 0.837578321016382, 0.953401274535453, 
0.644025784553735, 1.13071415919946, 0.769241959588811, 0.753646195906896, 
0.750098887979902, 0.743450997598158, 0.861218323432579, 0.699596516308275, 
0.656687562644672, 0.595586547362286, 1.0758692102011, 0.637227872517841, 
0.735640502210218, 1.00963954264895, 0.615635663397296, 0.715678184109424, 
0.850217093182568, 1.00448401605596, 0.88333773955458, 0.766248075028851, 
0.90635776525445, 0.934643741885248, 1.00240038400222, 0.724576094919422, 
0.565665391607217, 1.10876263298667, 1.00306219448615, 1.16269564445665, 
0.77279700479896, 1.01289474465707, 0.918801263496509, 1.26298441601358, 
0.779886214965206, 0.81565435018352, 0.689135484488153, 1.19595553434005, 
0.57591537051804, 0.879353093328508, 0.717689083357552, 0.958709699905764, 
0.990624670596663, 0.822743977905326, 0.816321641362263, 0.795133126940196, 
0.793010906795035, 0.723116120166998, 0.240578599877236, 0.75611160083816, 
0.76110421174023, 0.665628339048691, 0.913111625372624, 1.19542258921225, 
0.861200641636732, 1.08858385043128, 0.757015434848609, 0.469305940265524, 
1.02910305093663, 0.782905648752294, 1.08344618161629, 0.636348885610268, 
0.802817213512161, 0.670859644997336, 1.18150702145829, 0.883213202976737, 
0.98243828134328, 0.759901862213415, 0.814999518052229, 0.987186426371381, 
1.18150290535915, 0.850828893119137, 0.890428761655877, 0.889697319565575, 
0.56284448020784, 0.502176096072481, 0.70365604156931, 0.983063943049211, 
0.95790151889982, 1.20039654148268, 0.740767682326704, 0.811569221389139, 
0.832346459993796, 0.950491259173073, 0.76772173531964, 0.645221822432138, 
0.936239977822477, 0.681208860397551, 1.00421622844262, 1.20520000619525, 
0.776464272962115, 0.763190484782403, 0.669702125430032, 0.891257330520682, 
0.813456792190813, 0.873163396659985, 1.04842648896359, 1.07372297233079, 
0.774524622717892, 0.838607790387473, 0.711074740808439, 0.930296404793628, 
0.954651925086979, 0.835290943008264, 0.873681075581013, 1.03800825670693, 
1.00781757167345, 0.982463205141102, 0.851860690030921, 0.992708291133965, 
0.810273167067316, 0.835907094959834, 0.847498796555908, 0.617804151301206, 
0.810413596830138, 0.530871142879859, 0.858395158565246, 1.00963476920673, 
0.990189184989578, 0.932334640327297, 0.744123325614731, 0.984853709376265, 
0.782338639797936, 0.885967348795721, 0.908725640016729, 1.12751275158394, 
0.826058467097972, 0.850668213048061, 0.989900680053371, 0.891246320905192, 
0.739649938035201, 0.858028398868473, 0.863645269570555, 0.484633928745475, 
0.729323847993983, 0.825115726950213, 0.7810723650095, 0.898967552161499, 
0.952716031017877, 0.926996640445171, 1.10558930684544, 0.870966309009664, 
0.793224104360608, 0.94715505801923, 1.06395998929141, 0.645596975794083, 
1.05334171188925, 0.917899596832481, 0.898780519459772, 1.12000287335732, 
0.947867792230914, 0.863641117944762, 0.61081537428886, 0.728594919217157, 
0.707983437074876, 0.738731045910262, 0.504118526084316, 0.576461214839525, 
0.988868010930397, 0.858079651770044, 0.887424738757739, 0.903788089868596, 
0.455732404197621, 0.562982459135973, 0.652401433982841, 1.05783462638588, 
0.868427435273948, 0.988578696531416, 1.30699547470379, 0.600490621018773, 
0.852035937034421, 0.862586058791389, 0.994237215134726, 1.08437267244864, 
0.767034247249581, 0.569292812598711, 0.848849830647927, 0.687644958503767, 
0.532885278641359, 0.760215147006059, 0.314959995220163, 0.925328748785056, 
0.939882239581385, 1.17624904516641, 0.960770738091553, 0.681963646892983, 
1.124415254496, 1.12666520073147, 1.04260299834, 0.768656131522954, 
0.84790363992829, 0.718035588354648, 0.849848924378878, 1.06069539516421, 
1.06760398847205, 1.03706825449693, 1.14822960846836, 0.978370952743922, 
0.664020371397775, 0.778149224454807, 0.994690936687854, 0.692099206503666, 
1.0206930969734, 0.669807401916851, 0.983924428160736, 0.913862512944694, 
0.847892736458958, 1.03045468919196, 0.758048256191712, 0.773888925117948, 
0.763399451681699, 0.792450724275501, 0.721605721669198, 0.646727553199231, 
0.738147950382355, 0.673308726339766, 0.922420711716662, 1.00105671620374, 
1.13300579958417, 0.87725453580685, 0.721269385909786, 0.688685822048721, 
0.62870568056823, 0.86724105401407, 1.17051612971259, 0.868460005432483, 
0.987661008601332, 0.894824123735836, 0.939642536693666, 0.66296009754399, 
0.75128139246215, 0.667137002220546, 0.81857506301811, 0.938733337674653, 
0.810559342477696, 0.954438821438423, 0.99631159294824, 0.790850991674317, 
0.889002915471628, 0.989065079138342, 0.754558987186962, 0.628014968124795, 
0.735664668213298, 1.13602829862467, 1.04641682422642, 0.825253582808795, 
0.670323456188246, 0.981824616854497, 0.800322759773814, 1.02355841282613, 
0.716054896513063, 1.11544026855305, 1.04441161853084, 0.901819841396365, 
1.06993326664664, 1.07258266998207, 0.760435942446749, 0.888763827285218, 
0.876054720937435, 0.760121204783218, 0.713262895272343, 0.630036565922616, 
1.02236464178908, 0.936296657646784, 0.885047142380513, 0.791284914730757, 
0.892167001570046, 0.917299473558654, 0.917902273598919, 0.641244002026125, 
0.570806388971212, 0.742950270779696, 0.890949188512942, 0.835997417577735, 
0.895291466119496, 0.806921332644452, 1.02107943150181, 0.887116379131152, 
0.884483403034703, 0.694465167748111, 0.73263695802119, 1.09544878363189, 
1.06248345100888, 1.03326364309342, 0.751570241592932, 0.97295755471781, 
0.985580599633803, 0.71035551969724, 0.981334429477773, 0.522753924020381, 
0.844089978720155, 1.2886839352195, 0.774795129617047, 0.788998641899051, 
0.598413783855954, 0.749238658624656, 0.880400218399844, 1.05719322134718, 
1.12279203090184, 0.885512232763521, 0.774363410505494, 0.872383009755905, 
0.986715745446079, 0.551985814501995, 1.18638285373464, 0.880995584080664, 
0.789315987019167, 0.650596988674547, 0.9170615539901, 0.725728272480616, 
0.615931798605188, 0.808618390247916, 0.788563202092305, 1.12100116331734, 
0.743177826306971, 1.2405670324064, 1.13524928605569, 0.710813179730105, 
1.0547695568368, 0.797711057413916, 0.75262561155523, 0.882375496455038, 
0.970473459243967, 0.584982470828418, 0.631398689630027, 0.982570927874985, 
0.761027048462735, 0.881460752879001, 0.851377977955485, 1.04111213939859, 
0.965515690455559, 1.02808741606786, 0.562876216023041, 0.785336447432731, 
0.930073751059742, 1.02633011394391, 0.678988473457244, 0.672841204593975, 
0.879706878038461, 0.822458154696659, 0.962246194634539, 0.860029193877445, 
0.843007470760713, 0.66190499416586, 0.958854715913088, 0.900398550796978, 
0.860454049430666, 0.870198424092649, 0.794917869071027, 1.29256843753173, 
0.842500511940141, 1.19131823455637, 0.648007375924818, 0.842908620141403, 
0.783262294146156, 0.770408225427382, 0.915693040700387, 0.781386374459949, 
0.767428434207722, 0.710652928895116, 1.07763277793799, 1.08731453087977, 
0.8382534513982, 1.07677663075606, 0.655957955148223, 0.763452895670564, 
0.74917507429896, 0.637045331773459, 0.562317295451763, 0.892585026716808, 
0.923673233725822, 0.633683195376646, 0.960685379244055, 0.675590798997621, 
0.747795829993336, 0.775027023138119, 0.858606891554078, 0.834111159355506, 
0.558605979219673, 1.11520717442651, 0.777303441341548, 0.805171971216602, 
1.19441733690272, 0.401339946838179, 0.820837730022583, 0.820604833532651, 
0.888933010861356, 0.684706539203518, 0.609681367308685, 1.0391175828184, 
0.868068212437101, 0.698297825847545, 1.06245145553525, 0.888497139610638, 
0.629674944745408, 0.666735722240671, 0.718402877136738, 0.711941161439769, 
1.10410087997818, 0.683606194916986, 0.929663533895087, 0.790748749853639, 
0.801244529495128, 1.07242926429814, 0.782248249694039, 0.954957821014443, 
0.764610684625063, 1.05416001234012, 0.725630623017926, 1.17266087861585, 
0.789352644159703, 0.871981121244969, 0.822811519699311, 0.904007233169895, 
0.688521800693526, 0.703528804849259, 0.570776652631233, 0.656922410503499, 
1.04157276123086, 1.21229881302089, 0.824066905214158, 1.10523444097452, 
0.989865203749096, 0.896183435282572, 0.740889403983075, 0.709352261659303, 
1.05517157408964, 0.703963412603601, 0.611385043515098, 0.837781649347317, 
0.813289071864527, 0.613563668301137, 0.869322501157358, 1.13764107531805, 
0.655842160316245, 0.399249940918037, 0.957949387019905, 0.794958329901689, 
0.936482399957731, 0.783178746131045, 0.871220737343636, 1.01068565136607, 
0.617390761219233, 0.794599575707276, 0.802569767184364, 0.785195476764426, 
0.811105307840681, 0.68449529640594, 0.85552369442021, 0.807161101460648, 
0.739585511845464, 0.729480773930525, 0.93286097573567, 0.720245347002835, 
1.03246210280599, 0.876626688115202, 0.911651742715721, 0.670421547574038, 
1.11398074881015, 0.868738795253862, 1.10490474704213, 0.684866906147269, 
0.79676078142086, 0.770855247110333, 0.575049599797724, 0.695777459341154, 
0.980638638603068, 0.754608728068052, 0.879605095001397, 0.911054456628824, 
0.987999795825114, 0.947495744919029, 0.881074407308558, 0.677738214797387, 
0.872571931468917, 1.19321746738921, 0.519805339666578, 0.605613480271531, 
1.27625615821838, 0.669163101035098, 0.771422750555076, 0.669023518684271, 
0.820308229586861, 0.993001818220329, 0.808771767026534, 0.977145227607719, 
1.01454166560408, NA, NA, NA, NA, NA, NA, NA, NA, NA, NA, NA, 
NA, NA, NA, NA, NA, NA, NA, NA, NA, NA, NA, NA, NA, NA, NA, NA, 
NA, NA, NA, NA, NA, NA, NA, NA, NA, NA, NA, NA, NA, NA, NA, NA, 
NA, NA, NA, NA, NA, NA, NA, NA, NA, NA, NA, NA, NA, NA, NA, NA, 
NA, NA, NA, NA, NA, NA, NA, NA, NA, NA, NA, NA, NA, NA, NA, NA, 
NA, NA, NA, NA, NA, NA, NA, NA, NA, NA, NA, NA, NA, NA, NA, NA, 
NA, NA, NA, NA, NA, NA, NA, NA, NA, NA, NA, NA, NA, NA, NA, NA, 
NA, NA, NA, NA, NA, NA, NA, NA, NA, NA, NA, NA, NA, NA, NA, NA, 
NA, NA, NA, NA, NA, NA, NA, NA, NA, NA, NA, NA, NA, NA, NA, NA, 
NA, NA, NA, NA, NA, NA, NA, NA, NA, NA, NA, NA, NA, NA, NA, NA, 
NA, NA, NA, NA, NA, NA, NA, NA, NA, NA, NA, NA, NA, NA, NA, NA, 
NA, NA, NA, NA, NA, NA, NA, NA, NA, NA, NA, NA, NA, NA, NA, NA, 
NA, NA, NA, NA, NA, NA, NA, NA, NA, NA, NA, NA, NA, NA, NA, NA, 
NA, NA, NA, NA, NA, NA, NA, NA, NA, NA, NA, NA, NA, NA, NA, NA, 
NA, NA, NA, NA, NA, NA, NA, NA, NA, NA, NA, NA, NA, NA, NA, NA, 
NA, NA, NA, NA, NA, NA, NA, NA, NA, NA, NA, NA, NA, NA, NA, NA, 
NA, NA, NA, NA, NA, NA, NA, NA, NA, NA, NA, NA, NA, NA, NA, NA, 
NA, NA, NA, NA, NA, NA, NA, NA, NA, NA, NA, NA, NA, NA, NA, NA, 
NA, NA, NA, NA, NA, NA, NA, NA, NA, NA, NA, NA, NA, NA, NA, NA, 
NA, NA, NA, NA, NA, NA, NA, NA, NA, NA, NA, NA, NA, NA, NA, NA, 
NA, NA, NA, NA, NA, NA, NA, NA, NA, NA, NA, NA, NA, NA, NA, NA, 
NA, NA, NA, NA, NA, NA, NA, NA, NA, NA, NA, NA, NA, NA, NA, NA, 
NA, NA, NA, NA, NA, NA, NA, NA, NA, NA, NA, NA, NA, NA, NA, NA, 
NA, NA, NA, NA, NA, NA, NA, NA, NA, NA, NA, NA, NA, NA, NA, NA, 
NA, NA, NA, NA, NA, NA, NA, NA, NA, NA, NA, NA, NA, NA, NA, NA, 
NA, NA, NA, NA, NA, NA, NA, NA, NA, NA, NA, NA, NA, NA, NA, NA, 
NA, NA, NA, NA, NA, NA, NA, NA, NA, NA, NA, NA, NA, NA, NA, NA, 
NA, NA, NA), .Dim = c(1000L, 2L, 3L), .Dimnames = list(NULL, 
    c("mi", "cv"), c("intercept", "estimate", "mse")))
