structure(list(lvcf = c(0.210449064642534, 0.259665106452199, 
0.58686360257565, -0.0230099065866645, 1.24240426597859, 0.199639837438252, 
0.528350927548709, 0.509505636584346, 0.723182885032054, 0.0438209679208327, 
0.146504771143019, 0.506534430599513, 0.651463381946924, -0.264157008830526, 
0.34155693745459, -0.133196844862795, 0.552575672409078, -0.161689639954561, 
0.465736596062265, 0.735945276613905, 0.984266953956888, 0.409876677232808, 
1.02252122264924, 0.00336790873137065, 0.00494830718873237, 0.828174467883052, 
0.913906886873645, 0.340490049548736, 0.117802380308485, -0.24883879803485, 
0.745004485519347, 0.960196675842445, 0.214981242628619, 1.09335607575603, 
0.968473291468562, 0.0681038845949574, 0.318138279912936, 0.146936248717125, 
0.409090542162763, -0.85454460624622, 1.11911735160452, 1.39412758707792, 
-0.175463020754626, 0.380646051889041, 1.16504457586627, 0.25162580690867, 
-0.170425230820751, 0.511304166761305, 0.402734249537969, 0.154388966095365, 
-0.0906734600035421, 0.0350709405524174, -0.522274405665197, 
-0.0460369004972111, 0.0572051255697466, -0.0820476474699292, 
1.30762303815952, -0.518950897039737, 0.555224422577307, 0.0662345875090953, 
-0.105342890883373, -0.0403123931706519, 0.0743043357265111, 
0.470148959310191, -0.166947647841748, 1.00569517527578, 0.593217075593104, 
0.0590067598810176, 0.0523816332813582, 1.00723915185585, 0.512128769117462, 
0.841486989125547, -0.632660077925506, 0.539815315261391, 0.197454638000576, 
-0.146838817413749, 1.03105857977025, 0.366645835600854, 1.58676676935885, 
0.682704981865754, 0.779073007134289, 0.714471302727057, 0.77316103791251, 
0.2938735434591, 0.737299631458389, -0.363518517971062, 0.589903831785441, 
0.139139233248268, 0.141650106410238, 0.0422660446421793, -0.305085709763958, 
0.756264293492967, 0.788563310775726, 0.18083779410364, 1.11454339435425, 
-0.109783256949706, 0.462248987167946, 0.692969465504705, 1.08467052412377, 
0.343843702023962, 0.178669043031802, -0.692827928505942, 0.811687768167162, 
0.474472235008288, 0.430567328166664, -0.224259018969793, 1.01513545950068, 
0.248582910923253, 0.442161555530866, 0.017122444905259, 0.0128207313710699, 
0.849982346142571, 0.476327066758957, -0.699295885317587, 1.00360856038699, 
1.36454169122587, -0.85724900603838, -0.706995704236506, 0.842272753444381, 
0.231107103554846, 0.688234653528939, 0.71329388617674, 0.495668323334802, 
0.116542761168197, 0.359119746184238, 0.689244661569685, 1.24915896190367, 
0.418201456852202, 0.878277692611948, 1.01651190836644, 0.606698915254352, 
0.0917949016478526, -0.218795508480953, 0.396369313669109, 0.781083159079688, 
0.279865731661307, -0.351286953072801, 1.25208290746274, 1.15836673005285, 
0.158851616869658, 0.0165511004884954, -0.514203988008334, -0.0852579565624117, 
0.605507582220765, -0.229265997450994, 1.30999398628819, 0.182586094265886, 
0.909525186024642, 0.543287276554798, 0.603219036806039, -0.459045715676437, 
0.253392679430116, 0.407153661473523, 0.80634851947649, 0.93354687868351, 
0.695924122615304, 0.703979265693762, 0.53681281462881, 0.471899159882876, 
1.12051286724267, -0.260445391614178, 0.955681372121268, 0.144594586156566, 
-0.41725911223359, 0.20423196149049, -0.125410820983199, 0.663724112400312, 
0.576199490303447, 0.54715410237442, 0.0357141463499671, 0.979124945741366, 
1.39153380357879, 0.137259206411162, 0.752747812393146, 0.3307319270274, 
-0.155916963340112, -0.101040942807469, 0.72966628107394, 0.164858880373377, 
1.25780692700501, 0.685586376982516, 1.045229361676, 0.185529065977731, 
-0.175506821568306, -0.0416829177485996, 0.109586954166396, 0.988600245052172, 
0.0745825533533577, -0.0781421853823045, -0.0526472210462754, 
-0.779069804219399, 0.617160495292375, 0.187051531918034, 0.263101682647491, 
0.599306232578843, 0.630910177894719, 0.883650963418673, 0.216329823962817, 
0.447891437172249, 0.519003000576699, 0.770422069759368, 0.643319929762409, 
0.841769669019396, 1.15823759828313, 0.192634572054964, 0.998353985511555, 
0.356601185320633, 0.373492138240294, -0.221455147595419, 1.06898750058314, 
1.35830488291951, -0.255543535641857, 0.387024883731662, 0.277939900262064, 
-0.346648283776692, 0.582740212697092, 0.387018818616463, -0.114454565461945, 
0.352924408449744, 1.13030316332276, 0.52823124606723, 0.748246175215998, 
0.601591644384588, 1.27599440801591, 0.198136608691691, 1.26049015233965, 
0.320047435716156, 1.09373627395177, 0.441194958272909, 0.612429291730836, 
0.687902797750373, 0.948433354909579, 0.859201343908631, 0.990645232085772, 
0.60342602431001, 0.40946094017233, 0.765133129064362, -0.156458338172379, 
0.262498182627194, -0.685411025710543, 0.241003305268571, 0.209456901893924, 
0.98450587944712, 0.148603915871198, -0.173740904511873, 0.72142682841993, 
0.270861103669194, -0.0284999027383821, 0.153314136754235, 0.37913408185752, 
-0.196183216475175, 0.675015561612941, -0.427256015548438, 0.995949866412552, 
1.07255521943609, 0.941244559201462, 0.517819335826998, 0.407078725734307, 
0.976443923013236, 0.503004160535916, 0.252169695072845, -0.629790035080103, 
0.178863085244132, 1.62943172570359, 0.314595203770538, 0.254851080225096, 
0.0822563577042363, 0.460883878461657, 0.782412141393159, -0.0769305400253727, 
0.509929028607275, -0.14031499396713, 0.689183624498011, 0.938813840966972, 
0.887248430280002, 0.698227765438069, 1.01334369513562, 0.771599411779735, 
-0.309433444160587, 0.594624660124937, 0.324894055604953, 0.905812722490614, 
1.03065862232988, -0.206383557673514, -0.0331606078076936, 1.23953030014522, 
0.334964681944395, 1.00126186961446, 1.12257450474181, 1.06464141335823, 
0.784036693976595, 1.0552392157492, 0.432783687851591, 0.17308570104176, 
0.11923826407108, 1.02777314454832, 0.0743446001200192, 0.409154369635483, 
1.18971492128729, 0.124895261179845, -0.0765792823069167, 0.972628715119949, 
0.489297789317491, 0.315217815022666, 0.692971660894303, 0.617490727158777, 
0.129567912167512, -0.156168219085338, 0.206164800134796, 0.717000816894238, 
1.04271121019446, 0.19249920985336, 0.136357654510137, 0.0909571389974729, 
1.41404198820674, 0.15680861342196, 0.684106115506623, 1.07668056399114, 
0.522875831387253, 0.723760207098058, 0.218933711630902, 0.164948522124222, 
0.255021113514984, 0.0414467604895562, 0.488587310659003, 0.500355546359528, 
0.548329674494886, 1.08339016913107, -0.00485146443693315, 0.0184810196853962, 
0.388769812848326, 1.53376309184163, -0.333181735791726, 0.78319972504992, 
0.511125240122522, 0.110187266542633, 0.352671094001259, 0.700475007027335, 
0.300028711847956, 0.0116275269647909, -0.244654972564215, 0.208213766222905, 
0.7720417624642, 0.465758257671252, 0.463937930294501, -0.352707718607665, 
0.356609782390631, -0.230159052524492, -0.0789187926729742, 0.301568599115974, 
0.313388701859755, 0.350092863119565, 0.393885977417178, -0.0556729284007893, 
0.256385485307119, -0.0918057813487021, 0.472933751716244, 0.865149769219722, 
0.883685985412233, 0.29785669495454, 0.71263503647445, 0.373663253046068, 
0.362842168446207, 0.656218888421781, 0.300166119786486, 0.115826231570282, 
0.871768727622126, 1.06923666292758, 0.46639060203511, -0.129383497793438, 
-0.237307808030148, 0.398916536237709, -0.0113888546764257, 0.161337794101736, 
1.0270815185603, 0.0588583568510616, 0.602453443862645, 0.0322973009376995, 
0.873632131926174, 1.03097840301438, 0.598309089693821, -0.223542331005158, 
-0.0502719032036169, 0.392441321674091, 0.935643385627026, 0.676037268704968, 
0.429201360850452, 0.489201843758201, 0.27200368722742, 0.796381483862744, 
0.0477193428233969, 0.459541772181987, 0.478068785222527, 0.84786572144835, 
0.582900717967961, -0.517020656064958, 0.748943599290333, 0.147624518015117, 
0.176233632975293, 0.760680053203516, -0.122557897448493, 0.21999079353583, 
0.485360658666691, -0.0279073333095879, 1.51203655850076, 1.63798413407111, 
-0.222249407544702, 0.173675245770601, 0.323310559977084, 0.497393967333351, 
0.911575422062081, 0.210499476992285, 0.337581587633277, 1.21079429799875, 
0.721307111795547, 0.371352571859472, 0.432966888759909, -0.146643957212871, 
-0.229460538395407, -0.342437882402956, 1.37087920006943, 0.551570399422343, 
-0.14164026521816, 0.787796293065006, 0.0998883467197357, 1.07054827908013, 
0.951804639745037, 0.615701038395778, 1.18185324246995, 0.512607164024305, 
1.13540871463217, 1.92614054011626, 0.958669710424718, 0.480629165007678, 
-0.625266712294032, 0.273965231005689, 1.35113364667393, 0.449541057596837, 
0.939728847608353, 0.530377954675656, 0.0643877731465636, 0.632153199109438, 
1.22148158049267, 0.6129281780523, 0.658114425343566, 0.391567543604562, 
-0.487739129815249, 0.739933048745723, -0.459005985951285, 0.170561107534606, 
0.607406873711109, -0.254692788108973, 0.500387106730571, -0.380385679793311, 
-0.452498315359808, -0.587717447591374, -0.288262973316813, 0.416641182197464, 
0.162984486726797, 0.118101873547906, 0.719135472143498, -0.729738976289414, 
0.685037419050451, 0.64438923781197, 0.227262089497893, 0.487494279684079, 
0.226034271053046, 0.646400278908379, 0.990045963537446, 0.0336173570487492, 
1.37949028502553, 0.188840559831371, 1.17772251542384, 0.892031949633237, 
-0.236009535973069, 0.0185042531909587, -0.169636600789835, 1.29676753419679, 
0.54500347850763, 0.8636099650144, 0.769663518866185, 0.442993460137388, 
0.339672320756609, 1.0970934122773, -0.125904261441801, 1.02388508159873, 
0.595932995378869, 0.0289410632557358, 1.13650821220284, -0.363202495935248, 
0.375938515767166, 0.253899715146895, 0.318304818172449, 0.600189596976335, 
0.117699451868807, 0.387843423954682, 0.0541050765033839, 0.0630403663182703, 
0.650304192609903, 0.459351765233244, 0.806839190183141, -0.127368546161708, 
0.46286138510158, 0.376825473715289, 0.104789379824729, -0.405254517095129, 
1.0772646777419, 0.0954673498236021, 0.343069451717585, 0.673665941246542, 
-0.0759560341380261, 0.720111819545881, 0.673393963881108, 0.0199788893051227, 
-0.259234437414909, 1.02097404589793, 0.105340691160291, 0.181188986933017, 
-0.417088372835442, 0.698217409183412, 0.731952068116202, 0.155523771495152, 
0.833237657284872, 0.306310343355224, 1.03067563312056, 0.715983379916871, 
0.191900321487743, 0.591725265939564, 0.012281735844598, -0.258962524658491, 
-0.0289623215902129, -0.11848348161847, 0.422983114591107, 0.909193288058447, 
0.331392350417268, 1.17255640925062, 0.96462686082002, 0.364502900306082, 
0.365659369330769, 0.0218737121561786, -0.724630816203812, -0.0645516413220883, 
0.408782689613173, 0.818978508127638, 0.256988675748309, 0.730173883338032, 
0.433361795476957, 0.039054303153459, 0.798999283775331, 0.809934035287302, 
1.04297564298322, -0.0867320228613233, 0.207260798567523, 0.741382515433302, 
0.217108293048037, 0.465411341812869, 1.09608707977189, 0.338701609758228, 
0.294916056021939, 0.547107072401554, 1.00542512604989, -0.286940356456612, 
-0.0106271459663573, 0.939590554693138, 1.12860413024258, 0.591849575751774, 
-0.0960638808432835, -0.122464419910021, 1.0284632418195, -0.17772494112968
), cc = c(0.760453815893436, 1.41434705850154, 2.65395699956525, 
0.606265103940635, 2.12332527663999, 0.759632828886949, 0.52487223496782, 
0.630165095495477, 2.66046196728143, 0.285551969259754, 1.12455030494603, 
1.5249021162625, 0.523142992551815, 0.541603169036299, 2.15998751378226, 
2.03530522152765, 0.543098221454425, 0.054439712894369, 1.78991185657792, 
1.89489632303845, 0.274426713437226, 1.05770321888116, 0.719990159050795, 
-1.62431955566122, -0.754712154253754, 1.84973249018314, 0.501887375771026, 
1.88927347098265, 0.900381411745557, 0.558493137602411, 0.891299003863967, 
1.4250122142453, -1.53883257025417, 2.66768837872848, 2.26215879179043, 
0.269764179503831, 0.606529013845191, 1.51365545107556, 2.51275721495271, 
-0.48532368824069, 0.968006276631109, 2.95649931809657, 1.06131947758148, 
1.76503351594398, 2.34280264431704, 1.51153737495091, 0.114147273459868, 
1.32656139571993, -0.517424868766426, 0.0627077424378135, -0.450122162294157, 
1.64424478762653, -0.466759817105487, -0.273647707636496, 1.15687920584485, 
-0.457236627230592, 1.19785645976074, 0.335008014456712, 1.0300571517664, 
-1.29038469986403, 1.39278430117362, -0.0429568736133862, 0.458378688350668, 
1.44206765990114, -0.354882460724896, 2.97876875312429, 0.869819734233263, 
1.22775615800875, -0.367865202374257, 2.16848147618016, -0.385409091493573, 
0.705828643892846, -2.26613086583011, 0.489920458993604, 0.0810335008465063, 
-1.63067712957388, 1.27791319998838, 1.06705619990674, 2.09221202402962, 
1.95554141848887, 0.75427811117755, 0.989097725384697, 1.69739301223521, 
0.0387475830878849, 0.716651288645625, 0.850554569630469, 1.38087438074413, 
0.217420045361866, -0.711710125741583, 1.69959430927228, -0.178831540285908, 
0.725927056549036, 0.994385861280391, -1.35907121294254, 1.29857901680643, 
-0.396393865851854, -0.656081461747324, 1.18237956028168, 0.468505664936828, 
2.37960900148163, 0.218240793923545, -0.644598198077579, 1.28002742499785, 
0.706355915831644, -0.261109300550616, -0.65926884018629, 1.38122727961061, 
0.0689491205840002, 0.621524817765061, 1.20637558619094, 0.165281069909606, 
2.48037152647824, 2.2713164801508, -1.85944166289534, 2.15733521074072, 
2.49801694906752, -0.363143118882302, 0.0889545454951835, 0.998664484798401, 
-0.0133877089819801, -0.836251425563362, 1.75863389954896, 1.47695380533471, 
2.17439084372785, 2.54774765618803, 1.88969705589919, 0.579241569481987, 
2.16375967521168, 1.69448625700285, 0.651197310829477, 0.685912288892862, 
2.10289857990584, 0.532311418679781, 0.657365426469977, 2.56412488523327, 
0.315522421236886, -0.0265028930493399, 1.17219138359159, -0.0162448959619034, 
1.07705122329068, -0.389633316890371, 1.30700062256957, 0.694072163785384, 
2.34982484521616, -0.96730271408952, 2.44743945252415, 0.214174884726333, 
2.14984383659636, 2.95792097657705, -0.289398604952939, -0.274288558264118, 
0.616081528576999, 2.05320961322462, 0.827432007782512, 1.22601897232644, 
1.51929697059084, -0.0794482579490032, 0.36314488206578, 0.278668143954552, 
0.799183149018154, 0.226408227026861, 1.68685286376315, 0.989493381055273, 
1.36122017940756, -0.118288954853108, 0.857259270287301, 1.63572734943414, 
0.780470238329035, -1.21335643354321, 1.42994838186763, 1.91400872305395, 
1.8943962595331, 0.623790588312485, 1.85398156190888, -0.36883991326947, 
-1.87722874583484, 1.14217661657238, 0.194939013438838, 3.08782040254102, 
-0.0402271504750752, 0.711548931906809, 0.962043525101209, 0.982157064216028, 
1.57955043674963, 0.0287790243713532, 0.103655998094365, 1.61253568192518, 
-1.30733980859531, 0.25219232374099, 0.701393803358507, 0.162111848419261, 
2.41709057880369, 3.24724153631351, -1.47364905199089, 1.81412651611985, 
-1.23090192905725, 0.188677434976332, -0.348497245660553, 0.259110672627512, 
1.0297044673879, 1.74973737248223, 0.759189847950648, 1.90960392415897, 
1.88341553336935, 1.25310516103827, 1.70658712048421, 0.705145040354483, 
0.346577489712385, 0.221196170528859, 2.8772886883754, 1.79170804089618, 
0.80279526283453, 0.313269435561541, 0.0553349724268987, 0.242861152060856, 
0.112332766993842, 1.4788307844954, -0.174782776142611, -1.75222688065178, 
0.990293328326074, 0.87007416112319, 2.17292809713644, 0.747919928131006, 
1.61907579651981, 0.0518963751947506, 1.29447539646985, -0.473838431828103, 
1.84725229230312, 3.81329332106625, 3.03713621014548, 1.32388240568696, 
1.16571590827215, 2.63826349973698, 1.51047811154918, 2.44239215581801, 
1.79472769453943, 2.57389788799407, 0.315743234211891, 0.0576462467068592, 
1.0323402734398, 0.930347502582228, 0.898505947564859, 0.852965211109317, 
0.593421171908734, -0.413154383791994, 1.51366254855082, -0.889510915825042, 
0.571555841500305, -0.804625200273618, 0.110070727019995, -0.814430887652519, 
2.9106487594043, 1.33569118515059, 1.84015977232152, 0.756162533952149, 
3.09941333596794, 0.491274083596387, 3.14280982191691, 4.10105091844638, 
0.98528643673926, 0.527109153369252, -0.656408266702441, 1.85355956631359, 
1.71943186036488, -0.125956693572808, -0.229734388379137, 1.49581644007761, 
1.55430403414777, 2.38734939985104, -0.848310125433058, 1.43159941938441, 
1.06264624791143, 0.883620109571682, 1.49191519810098, 1.64919750706153, 
0.831945027910741, 2.96598778540989, 3.04060280569606, -1.39762273620261, 
1.85607036552538, 1.04859349001021, 1.05440772870176, 0.658983441898223, 
-0.13323001073336, 1.32437698843086, 1.40432615310944, 2.16010848367592, 
1.39606068490671, 3.58686716070635, 0.985554913407061, 1.62913150118878, 
2.209322815425, 0.704356411854974, 1.07775591606082, 1.29672821434871, 
2.73720423769481, -0.462179872463417, 0.536054544990169, 2.01311678203636, 
1.45156767408428, 0.941065063400058, 1.45743224718262, -0.079678362833866, 
2.91498931767482, -0.0430882709856245, 0.574016358597635, 0.710436754319526, 
-0.976741253294727, 1.46127448758276, 1.97090086159783, 0.232676594695606, 
0.625641751584504, 0.808812529158259, -0.929142818144246, 2.70238087685918, 
0.637687497378657, 0.253595792963607, 2.09068310412951, -1.40039790159397, 
1.25369467658635, 0.687510547135343, -0.539867501338566, 0.633224624922856, 
1.09619175348763, 0.313666173765537, 0.780789000895923, 1.67885905785249, 
3.12522359758034, 0.741656622577809, -0.146863633263462, 0.678865236651154, 
0.38495607790746, -0.0237379706208193, 0.0390072499458196, 2.5115032231038, 
1.15251204066228, 0.81157659668919, 2.22997820492937, 0.24204955743319, 
-0.553916490588179, -1.73319725277363, 0.634010218217993, 2.38744425711476, 
1.62958549632264, 1.22390821808504, -0.00782185757854833, 1.99303203598749, 
0.351637787862512, 0.658838989685863, 3.12879774784003, 0.539275767003743, 
0.63303554213682, 1.9503828809972, 1.54537876502476, 1.53630811058313, 
-0.120579178226781, 1.15519975045396, 0.892117433369745, 1.81510796535449, 
1.61976367898927, 2.25858078935971, 1.66714984289866, 0.967523583164535, 
1.6371270673523, 0.94643601319127, -0.197749889692077, 1.00702923525723, 
2.11722257196664, 1.10963111468251, -0.125463237843132, -0.931167910381189, 
1.80784359315263, -0.573413770551579, 0.0182741710731404, -0.442542636144861, 
1.9642673341136, 0.51060271358505, 0.973503054218364, 0.406701038438235, 
0.970361993033714, -0.313383497215305, -0.675817611624702, 1.46414553118504, 
1.81017671597966, 2.01409453664856, 1.74592390142557, 0.988035757161619, 
1.01300153376134, 1.35518291600735, 1.81905297567351, 0.311756237396981, 
1.32043836451784, 1.00162746796232, -0.301017374717081, 1.38907062711362, 
0.780197998018884, 1.47620955826973, 1.87520784588263, 2.1169131096374, 
2.12833882379115, 0.345699471914656, 0.276642174664272, 0.29778029595545, 
2.00026314338657, 1.78468002589402, 2.51215814244849, 0.00597115258435574, 
-1.32806149341565, 0.96895630783638, 2.15988123655941, 1.62216683039331, 
1.41866523604378, 0.906017175293769, 1.24071456464998, 1.85259088473371, 
0.567860991398191, 0.982240048386307, 1.47182855413646, 0.350515979271702, 
-0.609839276341078, 2.00305642707363, 0.908248655222048, -0.180679615311763, 
2.12682764221174, -0.528957987309241, -0.191851010365236, 1.02434494279927, 
-0.693154447083611, 1.5534011675408, -0.629995657466692, 2.02756161038132, 
2.50493046718854, 0.952407336020267, 0.808926564717571, -0.506394582763569, 
1.55467444970611, 1.97637825608111, -0.0879270257798454, 2.34958029691383, 
0.781149194874171, 0.748866280581335, 0.0885517158995339, 1.53495641895912, 
-0.0750184327713091, 1.73070588826149, 0.999904461451675, 0.544901016192888, 
2.05956314330149, -0.678679638067765, 2.65869320938726, 0.799355636575294, 
1.03366777987861, 1.014469348171, -0.831121518213773, 2.22582589733944, 
-1.30719881435558, 1.70792851195428, 0.566108876784594, 1.40164876880663, 
0.737326651196992, 3.22395435179769, -0.515826395801923, 2.30791699620621, 
1.11750250527349, -2.03644470814395, 1.15496531753271, 1.07783707109447, 
0.575170991661071, 2.45112293628722, -0.363665209630563, 0.897168831061614, 
1.22673992537148, 2.51842190813156, 0.214479681166043, -0.527308096302954, 
-0.366991103848252, 1.07220720290002, 2.6703767999269, 0.513688356156896, 
2.45464483131737, 1.97325542198868, 1.35211176553389, 0.691595044321955, 
2.91608575264537, 2.33386401686399, 0.369828556887774, 0.629129638768521, 
-1.09760992303061, 1.44202612810545, -0.353006944112551, -0.589864782209165, 
1.74439086023496, 1.06072840552558, 0.614036224517337, -0.0364401878125119, 
0.61072995164086, -0.0177779143331559, 1.75461327813259, 3.39944678080771, 
-0.783712911304774, 1.11668262248677, 0.614772818103531, 0.486659978469925, 
1.39299325521621, 1.77583363643376, -0.715584684266233, 1.60163053645801, 
-0.728114920988303, -0.00124027918252989, 2.70923969241184, -0.463800116576953, 
0.572239785665943, 0.292408086136179, 0.861320942428032, 0.240761524044199, 
0.898013814895278, -0.344524297706998, 0.303553365482092, -1.12371707266931, 
0.580436255609071, 0.904290037688128, 0.408294742049062, 2.79508474262679, 
0.731054300507433, 0.737045757931205, -0.322352734884573, 1.69053392561635, 
0.824808510087931, 1.80308493730085, -0.469935760069544, 1.04673984969007, 
-0.116626828745541, -0.241814050414098, 3.34168460101719, 1.86567509111763, 
2.88523786697789, 0.60995634367479, 0.0491478955077611, 0.811761327890474, 
2.32270538957675, -1.68282607455319, 0.0156884836042955, 1.42492879161139, 
1.02690524304797, -0.249496260593919, 0.185844432579555, 1.55830230662387, 
0.7871521205243, 0.897081618639188, 0.791594012081845, 1.18914490518828, 
1.44167971401232, 0.652278567560154, 0.300509025603844, 0.605347199726825, 
1.17068820601777, 1.73237182631764, 1.06740308632365, -0.175918028056942, 
0.149949351751398, 2.48530411011179, 0.948145535023469, 0.935506778139463, 
2.01727864975008, 2.9279509911394, 2.18070238340324, 0.898070017466293, 
-0.473231110512641, 3.61016171785609, 1.30463033912321), cv = c(0.555673669747801, 
1.41882482134356, 1.14938348655321, 0.216754463820065, 1.60261736907311, 
-0.0469731193650148, -0.703326988198783, 0.89421933660605, 1.33045205921159, 
0.183386869505309, -0.032645223442017, 1.31685721090201, 1.14154449608389, 
-0.755571248763705, 0.770618933873634, 0.997841837021221, -0.526566565850958, 
0.443988838513717, 0.294870115810804, 0.462574765293352, 1.34604960063587, 
0.0116354907849408, 1.35013581193697, -0.362187393131549, -0.207284594410428, 
0.977141327656186, 1.44711525636133, 1.4824903992948, 0.172220688417957, 
-0.307485950979812, 1.22743459872137, 1.11391199011234, -1.30875156758161, 
1.19198981375819, 0.700182655909632, 0.0881519146977133, -0.160376229073232, 
0.0263147673624024, 1.00064018962793, -1.84232711743183, 0.860111529350233, 
1.15289913596977, -0.067363845698902, 0.348210748968411, 1.87420583364916, 
0.624861190287943, -1.35038116914949, 1.09385858042833, -0.0366991193379788, 
0.638507391780044, 0.466719830827306, 0.497162492511288, -0.137853213751414, 
0.121738212736334, 0.767302529856709, 0.747414044103693, 1.55382238885142, 
0.138451915119528, 0.351090383798722, -0.840745546521515, 0.0817805902288197, 
-0.347812231385539, -0.33999019942986, 0.961275569014622, -0.547475263243623, 
0.231400847702153, 0.559832149055226, -0.771356998931773, -0.146876922948494, 
0.694382313282678, -0.258302556669558, 0.949904480676224, 0.171543951114022, 
-0.0941597836248557, 0.194218337586837, -0.64712950421963, 1.19492020884395, 
0.807671784630764, 1.67207598880704, 0.395178010084299, 1.87976149459369, 
0.939291285592918, 1.04407567125154, 0.809756083009338, 0.196570863416002, 
-0.0786789187524474, 0.921969981988912, -0.152201455200638, -0.152010972740503, 
0.593063469754563, -0.0817381655205525, 0.155810320996842, 0.636637241849801, 
-0.751909432752644, 1.46279219121941, -0.455845350591695, 0.412661364678377, 
1.06695960394326, 1.85426343363549, 0.66269556343781, -0.00100119774478194, 
-0.854756928784832, 1.38281678956459, 0.295014456815651, -0.189152749661883, 
-0.272285436011, 0.520048168627301, 0.619536593465884, 0.252602459898612, 
-0.264913104828626, -0.248864946431502, 1.74876526531934, 1.1263935065914, 
-0.997907950793036, 1.86254196589546, 2.90563909714837, -1.26860790990187, 
-0.438112740316401, 0.825368042609162, 0.730839881646898, 0.594352392346937, 
0.812163584495543, 0.309629510841975, 1.11559205291011, 0.41852691630796, 
1.65742551406892, 1.47122270137506, 1.08948850572873, 0.345362408234634, 
1.31319872747617, 1.28339366086889, -0.333154161253796, 0.437854170657644, 
0.61867592857587, 0.14512586198931, -0.474753391539897, -0.126806574769269, 
1.31708242654503, 0.549084672442276, 0.745551784445873, -1.27796519402192, 
0.202836591410048, 0.587259895985229, 0.510857159825155, -1.05176582567713, 
1.33091979522477, -0.154012863779744, 1.21910312993123, 1.74328552443904, 
0.0576852521783197, -1.35404513558872, 0.404323769089649, 0.937146975959961, 
-0.0386898666474852, 1.31642373799643, 0.348357201778966, 0.194242344138679, 
0.025575628470682, -0.341316621549586, 0.836216811621512, -0.610130742993803, 
1.62692396603582, 0.0465190776181389, -0.250886851636506, 0.569754444120525, 
0.195947909555078, 0.59164912837981, 0.709066772682578, 0.641931047102992, 
0.525382559502169, 0.920902525211916, 0.814683844655125, 1.30295448787926, 
0.435892920383656, -0.396884866471019, -0.11282702428652, 0.216268442027774, 
0.423134853322574, 1.3982489764992, 0.587337898624633, 0.583116725150727, 
1.47293702858227, 0.849120672286975, 0.24248229833197, 0.925777284384128, 
0.592064950074138, 1.4534512093023, -1.26772204358609, 0.177092475565993, 
0.307412838121295, -0.508826735120441, 1.16443943736065, 1.18107578373873, 
-0.643348769129787, -0.158190888631775, 0.351372172686339, 0.113729445372269, 
-0.233025743128833, 0.314285967162773, 0.863090915495438, 0.92174184328816, 
0.263332776669256, 1.18370075164418, 1.04922068763443, 0.296253023700708, 
1.04100097162958, 0.81538918196379, -0.887463675548138, -0.170966348537412, 
1.50749731209315, 1.40884570182566, -0.143064013567743, 0.988020334342363, 
-0.397520484826175, 0.0646782496376926, 0.678815991836926, 0.118348474242565, 
-0.308195261087683, 0.777971087185633, 1.47971832901735, 0.739369429836155, 
0.894883848171728, 0.578875645105809, 1.81449124074756, 0.221712032783753, 
1.04234928517196, -0.215872577349828, 1.59733106019853, -0.0551329828049123, 
1.56604787329568, 0.317483322170737, 1.40715904088792, 0.709552160983976, 
1.56939838474655, 0.661959065404756, -0.905675693173076, 0.455947870506914, 
0.280060228509372, 0.214974307821136, -0.350122043926158, -0.17718348882742, 
0.508180074913206, 0.720467705933583, 1.37750765674506, 0.1104409731583, 
0.731453720046729, -0.371610754732648, 0.81646276838021, -0.186887241668782, 
-0.813519047605564, -0.464933725773863, 2.10830962693523, -0.407926700914094, 
1.36532675543153, 1.05829505972928, 1.09844861257487, 0.162448789907991, 
1.6490299186751, 0.94109327430585, 1.25743392948355, 0.114929438696242, 
-1.30906512383969, 0.65307547578462, 1.82816361023179, 0.0689826392924242, 
-1.4731400403597, -0.491283422940299, 1.33422956511127, 0.886299046294045, 
0.0317486484223826, 0.743953850574506, -0.407023576259333, 0.740874154969692, 
0.871713591088195, 0.489097288368483, 0.807324937416755, 1.7201850357845, 
1.42442166993902, -1.05446461849964, 1.52358827788484, 0.769264280328005, 
0.407897637096326, 0.496366353069161, -0.462040954263277, -0.0927806826416864, 
0.811304181788529, -0.278576058597901, 0.674079976187256, 1.62575119568595, 
1.44800873044204, 0.103508888284563, 0.0808166203025676, 0.222072569386841, 
-0.125794042795721, 0.161296292436758, 1.556197004243, -0.264916536011883, 
1.0948586570841, 1.24649866876099, 0.338229664414781, 0.452044218240152, 
1.1275298046434, 0.214241659191328, 1.04105963722933, 0.232010997415793, 
0.966689998539674, 0.0141471100114771, -1.70010350525032, 0.716886867102804, 
1.27246349862646, 1.94248965369452, -1.01226002762725, 0.145111191950436, 
-0.13389725806417, 0.815574163735044, 0.699508531224292, 0.800361498418556, 
0.526232569982441, 0.215429205903025, 0.937244526489876, 0.0210489348153791, 
-0.724736621455457, 0.795435138169189, 0.303362247816425, 0.980139130398915, 
0.864591544030613, 0.938689273567261, 1.5228709802406, 0.637079061840251, 
-0.208759027466927, 0.402961851211329, 1.59635933758641, -0.347776069802045, 
1.99658727584981, 1.40399387464512, -0.604377485681337, 0.594174082348371, 
0.753077721633531, 0.567237164946019, -0.834092477724676, -0.321317209915796, 
0.135635823187078, 1.97174602360802, 0.3746882783742, 0.729648417196574, 
0.181029762133311, 1.33380273550554, -0.166295159868118, -1.13210628455118, 
1.8380198787349, 0.417917825645753, 0.544787732639233, 0.546966663702874, 
1.41036801806573, 0.0806902792893247, 0.563588059390281, 0.208470753409666, 
1.58775687852569, 1.15529888208019, 0.6927100490134, 0.425551388145133, 
0.580628885601686, 0.0704522929626616, 0.927923746699568, 0.59299028318373, 
-0.645625618578281, 0.837029388737514, 0.527896049403434, 1.06350815862269, 
0.303650292889777, 0.046339535701217, 0.866929830458682, -0.799100316317209, 
-0.21302009068883, 0.184060775499475, 0.220589461646118, 0.814093953322352, 
-0.112662545162387, 0.771706177681371, 1.48022726908824, 1.24229074535086, 
-0.106612638269709, -0.264536484261652, 0.954005362757719, 1.31008899678758, 
1.041259286339, 0.736101734624527, 1.3149476756065, 0.839536074173335, 
1.4372288572054, -0.201299767088962, 0.954859503167322, 0.490307230865772, 
1.11680379306081, 0.00537010495363204, -0.430522283481854, 0.354350211613125, 
0.867855040975787, 1.16175464041703, 1.48108990573658, -0.348074202680198, 
-0.0815690859009739, 0.46509431970864, -0.0364127934889385, 1.24744452542775, 
1.41997844481944, -0.210048841249397, -0.420205827295636, 0.695986530505643, 
0.676152190516787, 1.42213114732791, 0.424904821857745, 0.588098301005688, 
0.737661601622918, 1.10377579109211, 0.553836520342496, -0.424911547742509, 
0.195585996606682, -0.997599190878492, -0.94300911135643, 1.10582437988394, 
0.558355625725285, 0.294786910436906, 1.26402150115059, -0.0296194522058301, 
0.416806724990047, -0.220569856178557, 0.137800768083945, 0.797575600297893, 
0.335921625930762, 1.38756916783091, 2.17933036006929, 1.23957765148547, 
0.750075790958416, -1.14374623372924, 0.212839091365441, 1.12643959065646, 
0.308075064381679, 2.47385688746053, 0.384773853034123, 0.10613012046482, 
0.259377316012068, 0.838405557052408, 0.0182627641190933, 1.30754899744887, 
0.611300882696424, -0.154698028403708, 0.34574089211283, -0.0490862888855827, 
0.751755662461985, 0.430455272012883, 1.05845104779213, -0.16911430308663, 
-0.991697197858853, -0.258440199106876, -0.437152736590205, -0.841800450099943, 
-0.315994901485369, 0.501695786936149, 0.268248851070667, 1.21614080674361, 
-0.469949245570082, 1.27227599613656, 0.0927576087325145, 0.761008208329111, 
0.727836378474142, 1.24546057375857, 0.788731260283706, 0.601122486346077, 
-0.105778678227559, 1.8730151647701, 0.217995498636748, 1.3554272996684, 
0.993199112340577, 0.00733257224422186, 0.366762862076422, 0.78077543198459, 
1.52004768179496, -0.269901466973558, 1.07430967644904, 0.8585559270504, 
0.313211958766466, 0.731015050902927, 1.65581082584154, -0.113699640116525, 
0.247884551718648, 0.729143360980727, -0.612646967145807, 1.09523188889118, 
-0.961688578704407, -0.923089548359546, -1.14582397240116, -1.09273196996152, 
0.842365551291406, -0.211954609353516, -0.032071568024138, -0.06894877819479, 
0.342808256176001, 1.20985639708223, 0.347649569634987, 0.38581184671387, 
-0.0437583620070196, -0.427718322939665, 0.0715398952782648, 
0.562194718198395, -0.470300142375329, 1.44205479256689, 0.296294084984408, 
-1.28033392265084, 1.98389778128442, -0.314711554601498, 1.21620206057445, 
1.53678817036996, 0.315218922320336, -0.27014805222159, 0.606988258446401, 
0.523890566110881, -0.252970133011694, -0.976384933915719, 0.213458842231607, 
0.839337257526411, 0.519485367111363, 1.54660328114701, 0.838590078065215, 
1.53218464706445, 0.870055506612344, 0.742509033824548, 0.382817575385746, 
-0.422434526610448, -1.09874147992827, -0.608297410076313, 0.0895840645541885, 
0.861197952420193, 0.983846412705336, 0.33342637366081, 1.65682499799949, 
0.264002565835933, 0.0748760142232719, 0.223614799216298, 0.691246105040857, 
-0.828647291745143, -0.0465163518868661, 0.957805623696326, 0.81893901006063, 
0.302694055481976, 0.775855689997303, 0.315918962191883, -0.339042037439516, 
1.31475524965598, 1.041611488552, 0.354126833224367, 0.451836713748444, 
0.440401844440278, 0.854735408227324, -0.221015820254676, 0.537291827205377, 
1.02628560962813, 0.524295866220068, 1.02551306100486, -0.0970213504558586, 
0.892753192030293, -0.0185814537104002, 0.151819608644856, 0.913589786760517, 
1.45631916601453, 1.3970420038712, 0.379527024228192, -0.0983550030752224, 
1.58971038565258, 0.393223851049817), mi = c(0.332001411891062, 
1.34194563887982, 1.94631742899975, 0.569223254703373, 2.26325100930357, 
0.679487843021898, 0.138740589513753, 1.1962931146751, 1.31566907400452, 
0.280677663040721, 0.0242163474078428, 1.65980848944661, 0.434328276599072, 
0.160219277491365, 1.09574545262564, 1.37841927121729, -0.283743578283403, 
-0.0954841413917223, 0.846053652756144, 0.404430315262466, 1.18681334307379, 
0.979848447503107, 1.51189668134333, -0.419587225278586, 0.149258260733092, 
1.26331397928955, 1.45069199609835, 1.27284209679878, 0.502744927454414, 
0.362396514758269, 1.50825180279841, 1.87016402898497, -1.27627001101592, 
1.32751908727334, 1.75435811667963, 0.644626247964933, 0.800907658440401, 
0.479320783942035, 0.816242725081413, -1.09891758429579, 1.27475475546305, 
1.52695854374548, 0.296938563910867, 0.71286948202991, 2.54073322266846, 
1.289386489668, -0.36732836953664, 1.05063617469586, 1.70622614927663, 
1.71773169562539, 1.31966354771525, 0.770446177502829, -0.68660522569484, 
0.427522446361854, 1.58230624283765, 0.665626927481262, 1.37786964885522, 
0.443128170573067, 0.63641206032583, -0.517605647716181, 0.345262028194903, 
-0.169272964448502, 0.542254470760078, 1.0931485133645, 0.78217420991889, 
1.61172498982989, 1.89731041225506, 0.756544013830346, -0.0612756833104324, 
0.83014121397587, 0.0793371201066012, 0.998621960247041, -1.87014322393964, 
0.825025145916627, -0.3998795823689, -0.0974385463619045, 1.61787383386965, 
1.2766876848828, 2.07491494882728, 0.292193173524738, 1.89560167051618, 
1.62687040719545, 1.29360022912991, 1.1171223465192, 0.0392543004874377, 
-0.0655177433589003, 0.694593783509056, 0.596626698043585, -0.276401497792259, 
1.04385665163489, 0.455370460777086, 0.637320739139166, 0.917855062221954, 
-0.864303471421527, 2.25134663763123, -0.0461690842073495, -0.640725615815165, 
1.36257666179152, 1.73090914808322, 0.999684460295352, 0.235085070041362, 
-0.911962902225017, 1.2974878377263, 0.790516482878611, -0.127083554390149, 
0.00674453685210811, 0.884934577372419, 0.524051698117446, 0.104143773209079, 
-0.109884625968936, 0.0549850509943279, 1.57402736029583, 1.61964420336901, 
-1.14210316220672, 1.84529219939002, 2.66852162867174, -0.637304034515562, 
0.0836379439487607, 0.881777991117117, 0.804487943033972, 1.28933457262365, 
0.893324399851865, 0.282573595933634, 1.46218877725548, 1.44050382422212, 
2.09959154882412, 1.61495624848915, 1.40496947274285, 1.21439456210551, 
1.61838013104296, 1.19098122821065, 0.918722768114129, 1.20839635737231, 
1.52546850999375, 1.0645153975052, -0.619046276647082, -0.441553336664268, 
1.30970345047858, 1.3424568201159, 1.04203761335441, -0.37325113624611, 
0.919081130783486, 0.55414686278632, 1.27106067806672, -0.631805428570679, 
1.94121198794346, 0.34562415045032, 1.12761726637849, 1.54098522406977, 
0.698597157826481, 0.195223413601305, 1.40095714663377, 0.795743201659991, 
0.925710957380735, 1.57380540116117, 0.97193983072693, 0.333240989067665, 
1.14405295160687, 1.27027237720686, 0.883647181585294, -0.0374386264140421, 
1.64165508990733, 1.10905727449776, -0.339756390635535, 1.16025855710903, 
0.750365002717947, 0.632193817775353, 0.984188119632775, 0.681963430935136, 
0.336030951309819, 1.44613472546418, 1.17299900555805, 0.893793556969882, 
0.916448503891635, -0.0775349159439654, -0.461269192935884, -0.216719442861387, 
1.23756228651611, 1.27479738065863, 1.78375694536945, 0.441868630779993, 
1.46759461903438, 0.883710567473133, -1.12923955980715, 0.428415047267159, 
0.62392795035039, 1.90152683324651, 0.136179565058104, 0.946911835035777, 
0.0407029460335097, 0.077573892081837, 1.10774564336016, 1.66737097510159, 
-0.176628959376424, 1.24080292391495, 1.13189381419979, 1.02317199989297, 
0.0296901730181216, 0.181256660566238, 1.01105754116237, 0.880141228725449, 
0.539640864625365, 1.64511237176344, 1.12099822665473, 0.495879179994192, 
1.43735287865063, 1.64082288946904, 0.544660851737097, 0.0321678289789724, 
1.65117615099611, 1.37996249933827, 0.111350113362285, 1.59118648177372, 
0.206194239351949, 0.428317792909298, 1.05646927790487, 1.28613733073284, 
-0.0615816296495226, 0.095986012082484, 1.4641207487363, -0.64207336077575, 
1.14489195298956, 1.44766472958599, 1.56632288460405, 0.751254844886492, 
1.39689604571398, 0.0899116975205019, 1.84429377002645, 0.987512760103682, 
1.84566288940715, 1.04822771240837, 1.49203801325512, 1.79441261140398, 
1.9268691829056, 1.30014630393463, -0.133468647007752, 0.906816291848718, 
0.0452394374797633, 0.816562439414902, 0.0883734504297057, 1.34746460183266, 
0.699626788183122, 0.699007615559711, 0.961283186838942, 0.329954729094865, 
1.57744499641899, 0.0203683884107518, 1.31029408301156, -0.153910633323515, 
0.482080138877736, 0.0534105846944158, 2.28063909014413, 0.983418800703407, 
1.59777417358648, 0.799682887670293, 1.7051189071104, 0.215682129713829, 
1.74478062099339, 1.6178489742366, 1.06023239229209, 1.10998696359718, 
-1.02408862694352, 1.01351018122145, 1.91736005056844, 0.168587440454088, 
-0.403926727582223, 0.447218678453408, 1.03803422535911, 1.52130815805151, 
1.03537658672018, 0.93820873175076, 0.349883766250381, 1.13794675610964, 
1.04603647731427, 1.555791018192, 0.701964024289459, 1.7749974903931, 
1.75794899848355, -0.184461248802024, 1.23211910278048, 1.26045497330334, 
1.19308930986545, 1.12498080353615, 1.30357153429914, -0.0825470979727167, 
1.15146645154414, 0.483408469872523, 1.39926194058724, 1.53038386243253, 
1.40274823999525, 0.770651181503442, 1.23824644477155, 0.33078000055655, 
0.217181712484598, 0.381348052391431, 1.90691057393207, -0.132413365013221, 
0.88466719685955, 1.48756317459399, 1.29372888610952, 0.425434315244851, 
0.796533464927069, -0.0157409692192663, 1.11383929847106, 0.361760794357978, 
1.18774303253149, 0.445418091356976, -0.784626488499584, 0.731926647424595, 
1.59212631786432, 2.48822423325268, 1.33023237033072, 1.39229722427779, 
1.27856466984441, 2.36043856059275, 0.689629716576785, 1.09345045984865, 
1.17427330948791, -0.472426095465533, 0.884317678344384, 0.680521748971668, 
0.000238805508582541, 0.526995439545662, 0.209795190389065, 0.416635305755748, 
0.970805861866554, 0.843547283168586, 1.65174194764627, 1.13230622459925, 
-0.187244748883439, 1.31742742998138, 2.14499050383381, -0.0841849878568326, 
1.06342411749053, 1.53891550639228, 0.659711287670057, 0.580120633988456, 
0.993903436133622, 0.907217229682682, -0.128256445524952, -0.343850377849978, 
0.651369044238916, 1.2963801748849, 0.717857052395876, 0.860223120294841, 
0.292815192926461, 1.46280139440393, -0.0654467309478843, -0.0614863428073633, 
1.73419105121327, 0.533941817782029, 1.20309432833747, 1.30326612692484, 
0.757350725998446, 0.396313622461864, 0.295529673968776, 0.575115528442312, 
1.86070215457124, 1.28164936412494, 0.509717598426392, 1.28666371160635, 
1.32830178754418, 0.123716897805865, 1.26022016981027, 1.00487078957125, 
-0.0216036487702835, 1.07549185152799, 0.776487753839542, 0.621463478497157, 
0.593115310584794, 0.135379841164625, 1.35587023449443, -0.226971074527358, 
-0.109048955677548, 0.815284414527763, 0.950747743431901, 1.01159086061089, 
1.02629102168275, 0.828326657609612, 1.51704983676966, 1.32122192825493, 
-0.43728194135, 0.0739096109975833, 0.877743596874844, 1.61424609384107, 
1.55192474666475, 1.20081932999391, 1.12070627078826, 0.857952507318557, 
1.43669070885563, 0.531407414874635, 1.12677204930307, 1.24558982765307, 
0.904129925854904, 1.16174270150275, -0.691212309137034, 0.851428125849519, 
0.88431690942237, 1.70222910108041, 1.60799533047389, 0.213548873439491, 
0.85881346045525, 1.07144829731989, 0.48001450247909, 1.57047126309771, 
1.67990158113871, -0.560818677192465, -0.540737785309264, 1.37967368095613, 
1.51684191446162, 1.69720072362928, 0.214439258888997, 0.324457595365729, 
1.49268130448383, 1.26899273176247, 1.06198780215371, 0.095434472475668, 
-0.0156568485597509, 0.293151849158222, -0.0742603639830183, 
1.20988787124166, 0.748440818823972, 0.805277979837357, 1.27620349022333, 
0.362273553363595, 0.91244821662894, 0.620129555938995, 0.28857958041264, 
1.5774099529226, 0.890655361402976, 1.41037984685878, 2.25353959955002, 
2.03755529209505, 1.14607786716728, -0.487309900574412, 0.502927631865079, 
2.04665208283634, -0.12654687668886, 2.17468731540074, 1.29505338227138, 
0.896053212531913, 1.95979173672533, 2.2809490794351, 0.426807079551333, 
1.61666422686206, 0.936660968056175, 0.225747365394929, 1.10816827452204, 
0.752564039439619, 0.389144753532333, 0.711737263250436, 0.902587999818011, 
0.475804430039573, -0.813330820344011, 0.245426676882229, 0.761326551041454, 
-0.100359194600024, -0.601105698745845, 1.12721372475825, 0.594504138541181, 
1.49476710989123, -0.0765520059763826, 0.51851004922538, 0.339551139059799, 
-0.0920705087164756, 1.6202566626635, 0.416995801157734, 0.869192747020075, 
0.994533785373858, 0.401626142676412, 1.92025785075658, 0.741704912837016, 
1.49724535652091, 1.02080084357297, 1.63838809399765, 0.894626381636782, 
1.07090913647779, 1.56020256094664, 0.467885005270331, 1.29885279871054, 
0.330609773689194, 0.756675139960082, 0.729359259365907, 2.12842913922652, 
0.117641559650884, 0.915135193447587, 1.16677516948079, -0.298185716865482, 
1.1749567474062, -0.686040775290415, 0.127248009917404, 0.350184220484214, 
0.166203765982212, 1.17763615930811, 0.83082530238183, 0.3397138065916, 
-0.217361103169927, 0.357707060671995, 1.92261577537698, 0.52080162574389, 
0.792961121620751, 0.0441523618621541, 0.711802489025798, 0.366881535578832, 
0.986386672298145, 0.664369091297036, 1.17528146898227, 1.46741030266891, 
-0.340419703064541, 2.10646715443224, -0.14087845168961, 1.38987833720014, 
1.24164589337111, 0.346074880661256, 0.429198553866232, 1.46284097632384, 
1.02182786336363, -0.315763486909528, 0.0405263121402125, 0.379440937983733, 
1.49191227519807, 1.45870947002818, 1.85710436311031, 0.945414508972514, 
1.57794543887892, 0.944616905561851, 0.809538119922044, 0.478492508567059, 
-0.274620022418591, -0.529415553418057, 0.565843382081392, 0.0211658658705894, 
0.551338816946685, 1.19953522704674, 1.14321984387452, 1.83044832813179, 
1.0542497901405, -0.758459946472943, 1.01591516575414, 0.94561719997348, 
-1.24914753167111, -0.318930902497452, 0.918337203286815, 0.774556042526244, 
1.90906922324363, 0.613044251685668, 1.35584730534458, 0.0809569375141888, 
1.29802118395992, 1.09699476220644, 1.63566338048985, 0.701900565278632, 
1.18841382583593, 0.86042129244694, 0.24011559090831, 0.930193653613576, 
0.992586769648443, 0.559611724296788, 2.02238928691327, 0.530805480058722, 
1.19801259343245, 0.485640674297716, 0.301971123377736, 1.24465490274863, 
1.6608309204316, 1.29032149405473, 0.526580727189026, 0.246251838401609, 
2.11988423912616, 0.0902264300191378)), row.names = c(NA, 570L
), class = "data.frame")
