2498   500 
1999   1 
2001   3 
2003   5 
2005   7 
2006   8 
2008   10 
2009   11 
2010   12 
2011   13 
2012   14 
2013   15 
2015   17 
2016   18 
2017   19 
2018   20 
2020   22 
2022   24 
2023   25 
2024   26 
2026   28 
2028   30 
2029   31 
2030   32 
2032   34 
2033   35 
2035   37 
2036   38 
2037   39 
2039   41 
2040   42 
2041   43 
2043   45 
2045   47 
2046   48 
2048   50 
2049   51 
2050   52 
2051   53 
2052   54 
2054   56 
2055   57 
2056   58 
2058   60 
2059   61 
2061   63 
2062   64 
2063   65 
2064   66 
2066   68 
2067   69 
2068   70 
2070   72 
2071   73 
2072   74 
2073   75 
2074   76 
2075   77 
2077   79 
2078   80 
2079   81 
2081   83 
2082   84 
2084   86 
2085   87 
2086   88 
2087   89 
2088   90 
2089   91 
2090   92 
2091   93 
2092   94 
2093   95 
2095   97 
2096   98 
2098   100 
2100   102 
2101   103 
2103   105 
2104   106 
2106   108 
2107   109 
2108   110 
2109   111 
2110   112 
2112   114 
2113   115 
2116   118 
2117   119 
2119   121 
2120   122 
2122   124 
2124   126 
2125   127 
2126   128 
2127   129 
2128   130 
2130   132 
2132   134 
2133   135 
2135   137 
2136   138 
2137   139 
2138   140 
2139   141 
2140   142 
2141   143 
2142   144 
2144   146 
2146   148 
2148   150 
2149   151 
2150   152 
2155   157 
2156   158 
2157   159 
2159   161 
2160   162 
2162   164 
2164   166 
2165   167 
2167   169 
2169   171 
2170   172 
2172   174 
2173   175 
2174   176 
2175   177 
2176   178 
2177   179 
2179   181 
2180   182 
2181   183 
2182   184 
2183   185 
2184   186 
2185   187 
2186   188 
2187   189 
2188   190 
2190   192 
2192   194 
2194   196 
2195   197 
2196   198 
2197   199 
2198   200 
2199   201 
2200   202 
2202   204 
2204   206 
2205   207 
2207   209 
2209   211 
2211   213 
2212   214 
2214   216 
2215   217 
2217   219 
2218   220 
2218   220 
2219   221 
2220   222 
2226   228 
2228   230 
2230   232 
2231   233 
2232   234 
2233   235 
2234   236 
2236   238 
2237   239 
2238   240 
2239   241 
2241   243 
2243   245 
2244   246 
2245   247 
2246   248 
2247   249 
2248   250 
2249   251 
2251   253 
2252   254 
2254   256 
2255   257 
2257   259 
2258   260 
2259   261 
2260   262 
2261   263 
2262   264 
2263   265 
2265   267 
2266   268 
2268   270 
2269   271 
2270   272 
2272   274 
2273   275 
2274   276 
2276   278 
2277   279 
2278   280 
2278   280 
2280   282 
2281   283 
2283   285 
2285   287 
2287   289 
2288   290 
2289   291 
2290   292 
2292   294 
2293   295 
2295   297 
2296   298 
2298   300 
2299   301 
2300   302 
2301   303 
2302   304 
2304   306 
2305   307 
2306   308 
2307   309 
2308   310 
2310   312 
2311   313 
2312   314 
2313   315 
2315   317 
2316   318 
2318   320 
2319   321 
2320   322 
2321   323 
2322   324 
2323   325 
2325   327 
2327   329 
2329   331 
2330   332 
2331   333 
2332   334 
2334   336 
2335   337 
2336   338 
2337   339 
2338   340 
2344   346 
2345   347 
2346   348 
2347   349 
2348   350 
2349   351 
2350   352 
2352   354 
2353   355 
2355   357 
2356   358 
2357   359 
2358   360 
2359   361 
2361   363 
2363   365 
2364   366 
2365   367 
2366   368 
2367   369 
2368   370 
2369   371 
2371   373 
2373   375 
2374   376 
2375   377 
2377   379 
2378   380 
2379   381 
2380   382 
2381   383 
2382   384 
2384   386 
2386   388 
2387   389 
2388   390 
2389   391 
2390   392 
2391   393 
2392   394 
2394   396 
2395   397 
2396   398 
2398   400 
2400   402 
2401   403 
2402   404 
2403   405 
2404   406 
2406   408 
2407   409 
2408   410 
2409   411 
2411   413 
2412   414 
2414   416 
2415   417 
2416   418 
2418   420 
2419   421 
2420   422 
2421   423 
2422   424 
2424   426 
2425   427 
2426   428 
2427   429 
2428   430 
2430   432 
2431   433 
2432   434 
2433   435 
2435   437 
2437   439 
2439   441 
2440   442 
2441   443 
2442   444 
2443   445 
2444   446 
2445   447 
2446   448 
2447   449 
2448   450 
2449   451 
2450   452 
2452   454 
2453   455 
2454   456 
2455   457 
2456   458 
2458   460 
2460   462 
2461   463 
2462   464 
2463   465 
2464   466 
2466   468 
2467   469 
2469   471 
2471   473 
2473   475 
2475   477 
2477   479 
2478   480 
2479   481 
2480   482 
2481   483 
2482   484 
2483   485 
2485   487 
2487   489 
2488   490 
2489   491 
2490   492 
2491   493 
2493   495 
2494   496 
2495   497 
2496   498 
2497   499 
2498   500 
2499   501 
2501   503 
2502   504 
2503   505 
2504   506 
2505   507 
2506   508 
2507   509 
2508   510 
2510   512 
2511   513 
2512   514 
2513   515 
2515   517 
2516   518 
2517   519 
2518   520 
2519   521 
2520   522 
2521   523 
2522   524 
2524   526 
2525   527 
2527   529 
2528   530 
2529   531 
2530   532 
2531   533 
2532   534 
2534   536 
2535   537 
2536   538 
2537   539 
2538   540 
2539   541 
2540   542 
2541   543 
2543   545 
2544   546 
2545   547 
2547   549 
2549   551 
2550   552 
2551   553 
2552   554 
2553   555 
2554   556 
2555   557 
2556   558 
2558   560 
2559   561 
2560   562 
2562   564 
2564   566 
2565   567 
2567   569 
2568   570 
2569   571 
