structure(c(6.28134916955628, 6.10635657251114, 4.99598164908421, 
5.80097703143972, 5.59391538057082, 4.6676491589743, 4.97529334258942, 
5.8414073108268, 4.81075411773965, 4.42984428891349, 6.44762514675121, 
5.15431365187521, 5.01224332797361, 4.59574451014343, 5.29136334600869, 
5.09807764827407, 4.80958057049057, 5.26031714151191, 5.99401869966358, 
5.5236641614193, 3.89446592047174, 5.24151186963706, 4.99797877658532, 
5.30871219378947, 4.15858473726576, 4.5756164957894, 5.30529187354534, 
4.8535690353523, 4.36737789311914, 4.39615582154326, 4.79272800148871, 
5.31039560767683, 5.08178281316532, 5.37272740978607, NA, 5.53228609121592, 
3.76637353012532, 4.00067306196693, 4.24963887468349, 6.04095922405615, 
6.47063146273179, 5.55524602883832, 4.23993813780864, 6.15450372640165, 
4.53617275137269, 5.45578970595769, 4.65678090665085, 6.16964064240387, 
4.53039447471047, 4.97399665938088, NA, 4.70725850113282, 5.2745783511826, 
5.42923104574698, 5.57204452146293, 5.42432641425641, 5.68083274023486, 
5.38854761987395, 4.42944319743331, 6.48711075366484, 5.18643853475634, 
5.81863721697726, 5.94715907242913, 6.07614271076326, 5.59274724056089, 
4.80933225010047, 4.2412518863358, 3.60255495000144, 6.34496233779144, 
4.72253263404107, 4.45388962604041, 4.51375534401709, 5.42589256390059, 
6.01594090444747, NA, 5.99438254037959, 5.70353441271928, 4.89404272000145, 
5.84017997258274, 6.18628577999128, 5.09900410632457, 5.2131721603337, 
5.75472206669272, 4.65740610332182, 5.059698694855, 4.78251282999798, 
4.99781708742727, 5.05739944104795, 5.10961265027446, 5.55285981503222, 
5.67070664440939, 5.87858637732746, 5.48802324402821, 6.11349849942195, 
4.76117781112831, 5.20477147209493, 4.58457225910738, 5.11907140784689, 
5.29352766330182, 5.11004015046417, 5.05310559693949, 5.19620061229105, 
5.49666921960954, 5.25185023496915, 5.72238399152486, 4.80378295713515, 
5.19659875983826, 5.58949690196657, 5.43678882231033, NA, NA, 
4.41785298321927, 5.40563528089155, 4.67607332711428, 5.96381191307896, 
5.2747031210364, 5.77780139287901, 4.41173045781464, 5.05880007759046, 
4.92212778159614, 4.64163815063958, 4.19611066798533, 4.8644961501045, 
5.09805640539083, 5.30889910031761, 5.07516626980528, 4.6781327265464, 
5.10529982931704, 6.11981111239456, 5.21314726184477, 4.38948211928469, 
5.93808799138241, 5.09375662167034, 4.95926450793973, 4.1760670587071, 
4.92001313787157, 4.90650044090729, 4.58997648778989, 4.94404344362861, 
5.37445352798321, 5.86156749799052, 4.41900631926649, 4.51378056735681, 
4.73010294856815, 4.73626640830953, 5.63238573275172, 4.10190693272347, 
5.47678990763007, 3.77540153762123, 5.15507096886548, 5.27104289816758, 
5.21339075834456, 5.46077235576188, 6.12222167353983, 5.76292454678712, 
5.5196235282074, 4.60147125844571, 4.66770578360638, 4.66424934887968, 
5.45797810253848, 5.98503736635392, 5.3028515623913, 4.58322500034589, 
5.84514135419448, 5.33041417306271, 4.36504762444488, 5.3262148274372, 
4.40364185424244, 5.0826169014991, 5.16994761158676, 4.43043798280491, 
5.69507732336265, 4.14518209204723, 4.65893759115519, 4.72436338960862, 
4.2564646955369, 5.18379144048927, 5.02007943482434, 4.48717211561289, 
5.07952146902866, 5.53724920083078, 5.22687553665224, 5.11585356211815, 
4.82380408396668, 5.07351273461388, 5.2644942949742, 4.77929640642591, 
6.47130961703108, 3.71835173151866, 4.30648158771597, 5.36435685295797, 
4.85442088282585, 5.67774295228114, 5.46911085459256, 3.48277650953939, 
5.2002449603237, 3.85066724610357, 4.81576068142794, 5.85066188111608, 
5.18215107905725, 4.13056809083238, 5.16852903840521, 5.00928763199505, 
6.00011097420546, 4.98937849249301, 4.80455916534251, 4.79576036790315, 
5.19919356947636, 5.1511835563466, 4.68729591715602, 4.55803873653149, 
5.44303372831689, 5.32254972991381, 5.66267640709891, 5.2080711522297, 
5.38044279482464, 4.5718484988942, 4.29374258945743, 5.47792981949441, 
5.61462774048731, 6.21667805176957, 5.83845701629808, 5.42479531145111, 
4.99371433028378, 5.40753026729953, 5.30532736414504, 4.59002286694077, 
6.10722300562014, 5.01842479865627, 5.52881731141503, 4.49536887352188, 
5.69057710860773, 5.8653722197245, 4.44177693680905, 4.61889902176096, 
5.18613208734615, 4.92391924089366, 5.60511932716251, 5.3809388160753, 
4.99201530163154, 5.13628393725038, 5.19173996811939, 4.82420969281913, 
5.20244628559465, 4.52086979185273, 5.04567420295086, 4.88721692029515, 
NA, NA, 4.82428775011788, 5.24811601136744, 6.18891678656251, 
4.33350398070795, 5.93971977537809, 4.35331459416442, 4.42813913437227, 
5.53027568701997, 5.26100256901945, 4.85254216130335, 5.67549573098841, 
4.53780662623214, 4.00224004966668, 4.58475743583339, 4.84908732389396, 
5.61744243946367, 5.87002420981369, 4.27465051705603, 5.18893904538562, 
NA, NA, 4.12319829676521, 6.37015253097228, 6.20596487287037, 
4.27906241170632, 4.5958850695731, 5.50618176561775, 5.03946648337883, 
6.26904451049865, 5.75343809360058, 5.82905759740012, 5.78387226340736, 
5.45422370558818, 4.91539355799941, 5.45648939190156, 5.55724291423067, 
5.23962276013019, 6.65036113379574, 5.92057072601916, 4.35264862286052, 
6.1484760377526, 5.02464802780338, 6.17480277046814, 5.05287884384432, 
5.21460581401038, 4.3659141265387, 4.44438760147259, 5.17392773921108, 
5.60216713291796, 5.27620810808379, 5.55436461885148, 4.96650310507785, 
4.95762116229901, 5.16560771018943, 5.59390765686946, 5.25037321769836, 
6.13544601337526, 6.09744251958487, 5.42608332968763, 5.42814100183453, 
4.427946503393, 4.66634469382719, 5.49689940402635, 5.7034614634524, 
5.85518401094876, 4.57920911828857, 4.08701902843098, 4.88572664494956, 
4.23797987000354, 3.97982480044133, 4.95846267096658, 5.38818153350543, 
5.45359774844111, 5.52624322807546, 4.54230627081271, 5.38816962371463, 
4.70059765212521, 5.17546585233832, 4.46595296742726, 5.3803893921837, 
4.45202220787256, 5.79733682808454, 4.73079199858629, 3.94384063137534, 
6.08303892774245, 4.55342942228754, 5.20320503000445, 4.91422443739541, 
NA, NA, 5.94018180307081, 5.15623476925236, 6.00492925816741, 
4.60065465215777, 4.99006142332436, 5.75019649195418, 4.74398799245177, 
4.85159750420877, 4.77807461201714, 5.49470973894236, 5.87249195257142, 
4.72499917167963, 4.66613953205361, 4.5856814134194, 5.28948535665852, 
4.89726678578207, 5.81092418427481, 5.3245618338714, 5.73712352412578, 
4.91163525756428, 5.31880303729011, 6.13624111543305, 5.30143905177564, 
5.79754242879691, 5.27215282555298, 4.51475480091433, 4.58775989342543, 
4.76772678823273, 5.70637195692554, 4.56832297189326, 5.11098611171766, 
5.99830991068911, 5.49452941255668, 5.3895730255153, 5.36717442481176, 
5.4651261391663, 4.96344456262733, 5.26373451191843, 4.7644503572875, 
5.02837664037921, 4.24126812016401, 4.48945742336373, 4.15052609674985, 
5.76183201443975, 4.62960367316863, 5.96961666122661, 4.73384970742501, 
4.5382052973148, 4.45515691468305, 5.42870896479533, 5.44604627355615, 
5.19304658342269, 5.53072253856586, 5.19724063480046, 4.1108946876086, 
4.77022631072047, 6.16429194234754, 5.38775358413155, 4.94874924346219, 
5.63929655557468, 5.27038230457246, 5.00006282428677, 5.04516994731914, 
6.00373117983014, 5.00888014334929, 5.04449368414696, 4.60931563651478, 
5.61618987476698, 5.13160916896738, 5.72556603393538, 5.88480788498157, 
5.45286966499806, 5.07380408697735, 5.46594886132643, 5.21090644602715, 
5.31734192399502, 4.9789997832451, 5.36832458521271, 4.5434011899032, 
5.56118633743956, 4.95503547550089, 5.39566198883609, 5.12511018572582, 
4.6762294456536, 5.78257484962239, 5.03955930911725, 4.44294685326623, 
5.00650743944225, 4.94405288287661, 5.02524451334856, 5.62371834943623, 
5.27915766167839, 5.4645038348428, 4.22740352831649, 5.36295872254334, 
5.05736364772783, 4.76851122181715, 5.23382842710115, 4.78831025996823, 
4.50511548919513, 4.72255684013134, 5.51808231445461, 5.55159033074503, 
5.84212340534168, 6.15893135275583, 5.93573422436135, 5.04297908795818, 
4.10624497136915, 4.83399842807756, 4.90210591103976, 4.72359952597165, 
4.32926416582362, 5.74338677605082, 5.43834805416244, 5.25945482170665, 
5.20407671403218, 5.55838363951051, 4.92531098227374, 5.36788223107984, 
5.06261916658714, 6.41233707958277, 5.05212924433177, 4.50335272312908, 
4.69168793337528, 5.23072409013943, 6.00873067297875, 4.96547616062246, 
5.35561170197943, 5.33747219267185, 5.48686114779884, 5.9320019293981, 
4.96507277524929, 4.63376934566361, 5.53088024814821, 5.20310665655477, 
5.80472745808203, 5.16774984071405, 6.58048185390319, 6.50370388707385, 
4.35049874820436, 4.13896320641159, 4.83404602436592, 6.06325766157482, 
6.37682522900309, 5.41312632946484, 4.11733401115148, 5.39158565129649, 
5.21362196518449, 5.01347762928571, 5.41554663540501, 4.69335704554363, 
6.06811065920989, 4.29849876353263, 5.92991522430281, 4.5383615894656, 
4.84312879572338, 5.3483100471336, 4.79159435097813, 5.9752295764236, 
4.7478061635485, NA, NA, NA, NA, NA, NA, NA, NA, NA, NA, NA, 
NA, NA, NA, NA, NA, NA, NA, NA, NA, NA, NA, NA, NA, NA, NA, NA, 
NA, NA, NA, NA, NA, NA, NA, NA, NA, NA, NA, NA, NA, NA, NA, NA, 
NA, NA, NA, NA, NA, NA, NA, NA, NA, NA, NA, NA, NA, NA, NA, NA, 
NA, NA, NA, NA, NA, NA, NA, NA, NA, NA, NA, NA, NA, NA, NA, NA, 
NA, NA, NA, NA, NA, NA, NA, NA, NA, NA, NA, NA, NA, NA, NA, NA, 
NA, NA, NA, NA, NA, NA, NA, NA, NA, NA, NA, NA, NA, NA, NA, NA, 
NA, NA, NA, NA, NA, NA, NA, NA, NA, NA, NA, NA, NA, NA, NA, NA, 
NA, NA, NA, NA, NA, NA, NA, NA, NA, NA, NA, NA, NA, NA, NA, NA, 
NA, NA, NA, NA, NA, NA, NA, NA, NA, NA, NA, NA, NA, NA, NA, NA, 
NA, NA, NA, NA, NA, NA, NA, NA, NA, NA, NA, NA, NA, NA, NA, NA, 
NA, NA, NA, NA, NA, NA, NA, NA, NA, NA, NA, NA, NA, NA, NA, NA, 
NA, NA, NA, NA, NA, NA, NA, NA, NA, NA, NA, NA, NA, NA, NA, NA, 
NA, NA, NA, NA, NA, NA, NA, NA, NA, NA, NA, NA, NA, NA, NA, NA, 
NA, NA, NA, NA, NA, NA, NA, NA, NA, NA, NA, NA, NA, NA, NA, NA, 
NA, NA, NA, NA, NA, NA, NA, NA, NA, NA, NA, NA, NA, NA, NA, NA, 
NA, NA, NA, NA, NA, NA, NA, NA, NA, NA, NA, NA, NA, NA, NA, NA, 
NA, NA, NA, NA, NA, NA, NA, NA, NA, NA, NA, NA, NA, NA, NA, NA, 
NA, NA, NA, NA, NA, NA, NA, NA, NA, NA, NA, NA, NA, NA, NA, NA, 
NA, NA, NA, NA, NA, NA, NA, NA, NA, NA, NA, NA, NA, NA, NA, NA, 
NA, NA, NA, NA, NA, NA, NA, NA, NA, NA, NA, NA, NA, NA, NA, NA, 
NA, NA, NA, NA, NA, NA, NA, NA, NA, NA, NA, NA, NA, NA, NA, NA, 
NA, NA, NA, NA, NA, NA, NA, NA, NA, NA, NA, NA, NA, NA, NA, NA, 
NA, NA, NA, NA, NA, NA, NA, NA, NA, NA, NA, NA, NA, NA, NA, NA, 
NA, NA, NA, NA, NA, NA, NA, NA, NA, NA, NA, NA, NA, NA, NA, NA, 
NA, NA, NA, NA, NA, NA, NA, NA, NA, NA, NA, NA, NA, NA, NA, NA, 
NA, NA, NA, NA, NA, NA, NA, NA, NA, NA, NA, NA, NA, NA, NA, NA, 
NA, NA, NA, NA, NA, NA, NA, NA, NA, NA, NA, NA, NA, NA, NA, NA, 
NA, NA, NA, NA, NA, NA, NA, NA, NA, NA, NA, NA, NA, NA, NA, NA, 
NA, NA, NA, NA, NA, NA, NA, NA, NA, NA, NA, NA, NA, NA, NA, NA, 
NA, NA, NA, NA, NA, NA, NA, NA, NA, NA, NA, NA, NA, NA, NA, NA, 
NA, NA, NA, NA, NA, NA, NA, NA, NA, 5.37272740978607, 5.7145680241923, 
5.67786521994522, 4.66695438580321, 5.69556031434709, 5.71725477431803, 
4.80749852057102, 4.68370434250125, 5.97444866452341, 4.68624334175085, 
4.50145242436369, 5.45711610807318, 5.29572387307498, 4.8513757931228, 
4.42884932403186, 4.91615321221806, 4.8031943743093, 4.73985293730882, 
5.60739409776755, 5.95190070701881, 5.52878659936525, 3.79994865336126, 
5.22554998399352, 5.06653698007788, 5.0815790764709, 4.0146715069818, 
4.86780215598062, 4.82965391422383, 4.88103924029968, 4.37118536199402, 
4.38199057179042, 4.64635201712083, 5.30880631577473, 4.899647435452, 
4.82954301112813, NA, 5.29672455744066, 3.91287745308134, 4.02201746961745, 
4.31804535269801, 5.95626369649923, 6.25165638315837, 5.36988690582906, 
3.97265433810546, 5.41658005807513, 4.5233862385165, 5.58008475730415, 
4.38578323075725, 5.9230094050141, 4.65227504404168, 5.11685355422233, 
NA, 4.68247725590527, 4.5711553736464, 5.49217268901156, 5.56646658069631, 
5.26314989519656, 5.65077450376295, 5.42636841095218, 4.58596100940983, 
6.37180419816038, 5.19048813961735, 5.9090169146412, 5.76053195870983, 
6.02338884184674, 5.56411343937341, 4.87274039451377, 4.14100695729168, 
3.77413803674434, 6.07668834714606, 4.62667586284981, 4.29107890565288, 
4.63007647201106, 5.37475585784242, 5.57354821243198, NA, 5.31473808261678, 
5.45344857675724, 4.74601055008799, 5.94988388722339, 5.69765862103262, 
5.39603478949715, 5.22813518739386, 5.1884055328965, 4.39019623741449, 
4.7891882123833, 4.82093912429138, 5.01040289460066, 4.9341970788719, 
4.81232575704519, 5.85060063038049, 5.39128155126603, 4.8323199330489, 
4.97552241210171, 6.18575512284919, 4.72908664791234, 5.23014242643492, 
4.35067164207737, 4.7565273742008, 5.46900208318966, 5.29206517708875, 
4.87227228176082, 5.22074422957506, 5.21615942309825, 5.19415838775464, 
4.9885414866715, 4.98834871058619, 4.84340487677608, 5.06937752816961, 
5.17032560289341, NA, NA, 4.35777981174684, 5.52967657712096, 
4.82981727874091, 5.87278347245646, 4.7747900379858, 5.11735368252931, 
4.0712073186267, 5.56635204908584, 4.13718336356679, 4.62573021207218, 
4.08944606825092, 4.69038528960371, 4.85036511719982, 5.00140407698424, 
4.85387357655285, 4.46013463022545, 4.48909743340148, 6.004485381774, 
5.00826482473486, 4.63193514458127, 5.56145068481985, 5.22127481527352, 
4.71824964401927, 4.45500169925693, 4.7174057453796, 4.62480716094409, 
4.13096330257781, 5.41324050147791, 5.34209647420189, 5.71667339029831, 
4.35598363710303, 4.83818965129119, 4.61741391260627, 4.81734375678061, 
5.52106441219726, 3.93698946108116, 5.42214900842118, 3.32809812974807, 
4.93160344026043, 5.30184321854711, 4.79579332705801, 5.71879877579699, 
5.76764364107506, 5.89815043176252, 5.37585641452404, 4.04068107187878, 
5.19728549092487, 4.39477798578141, 5.02504001066222, 5.75516643720672, 
5.45312893175678, 4.65030749683814, 5.51503039368743, 5.1803739367653, 
4.39606593904355, 5.2880970864545, 4.05548891465452, 5.18753350481174, 
5.02416352924834, 4.35230237830165, 5.52120957601205, 4.02384928671616, 
4.71543255860588, 4.81803589956948, 4.8122350954226, 5.05315979202619, 
4.92866640221206, 4.43129238806539, 4.73751480431856, 5.31165371375575, 
5.27489651423112, 4.999544913724, 4.66758332366192, 4.77535417751276, 
5.25802052562261, 4.19315821912261, 6.19677112563874, 3.69181165739127, 
4.34601114450524, 4.96504336680353, 4.38938849550048, 5.48292060177804, 
5.14359356839808, 3.47043002918304, 4.98763062591979, 3.67472507854039, 
4.86244510992879, 5.80175366391285, 5.63226148810344, 4.32587433060466, 
5.12313459931157, 4.41604191993836, 6.00840465206451, 4.6489158100717, 
4.60476148208824, 4.41640721670154, 4.73606530195941, 4.78752100823951, 
4.8232355804196, 4.03149202534566, 5.26123714998277, 4.46841374305208, 
5.71274838853245, 4.74077748974633, 5.45765482849082, 4.34621314462481, 
3.95756751818837, 5.30924501709692, 5.32933512623787, 6.08854102274452, 
5.33897672632365, 5.55943379917681, 4.95892994971319, 5.07344716874364, 
5.23532879865454, 4.27241220712691, 5.90520692872694, 4.49138881475803, 
5.31489727599162, 4.12688156290413, 5.66757548891774, 5.76994029262551, 
4.52005817697858, 4.72210862233397, 4.95306295952387, 4.57210906225319, 
5.23172608126897, 5.68054297028709, 4.6631331100637, 4.73159743463904, 
4.91055710954571, 5.22387996887974, 4.71090521939723, 4.26860949948396, 
4.82056862452911, 4.60539819917221, NA, NA, 4.60881874207366, 
5.21780039430842, 5.98051968599766, 4.30720114276249, 5.56286241576671, 
4.21920435081076, 4.4291005459342, 5.83188522956052, 5.05825827035524, 
4.84341712360284, 5.50650532400358, 4.64471742268673, 4.13096084476804, 
4.5423979562565, 4.68015678913909, 5.62158881828278, 5.74025039059607, 
3.8861601119381, 5.21773622408865, NA, NA, 4.22483833526502, 
5.5519931956308, 6.06640691613744, 4.3427258321363, 4.71651034134227, 
5.77317262294227, 4.95025455545231, 6.01004999534002, 5.51824756508663, 
5.19061916435513, 5.64917930509055, 5.62689761120756, 4.65548749634752, 
5.53724186250212, 4.76957499622048, 5.33783617442103, 6.25879103942578, 
5.76130293945922, 4.23380518142891, 6.27362615870299, 5.0973218965513, 
5.80220632239312, 4.72978553508012, 5.30847570507393, 4.22884242864485, 
4.37565180771667, 5.14069844475472, 5.42965226746723, 5.04629139008291, 
5.61026137540931, 5.06176754845201, 4.49923693216546, 5.02607653977064, 
5.68929837612288, 5.24832199629726, 6.28785323924211, 5.83083900598133, 
5.06971596126193, 5.41472430924687, 4.21931563380601, 4.54982298473996, 
5.46764657354613, 5.45662255981002, 5.67744230853812, 4.55520686191188, 
3.84444312775383, 4.88032022568776, 3.90898367863541, 3.91271879021284, 
4.72098564072309, 5.44496423974704, 5.64129041200285, 5.75002238991792, 
4.63119509956475, 5.15230920611641, 4.57715935016784, 5.12558670474464, 
3.83329944727009, 5.3046080528976, 4.38631503009265, 5.86534930033811, 
4.88584232630602, 3.9256787548973, 5.80347790189356, 4.60044852167852, 
5.20168115936084, 4.97064975679507, NA, NA, 6.29486073124627, 
4.91709276579162, 5.0439737461504, 4.82191778038796, 4.6944117263198, 
5.57385903235762, 4.69600174451132, 4.69397509251127, 4.53141131236086, 
5.19282770082625, 5.67992618524659, 4.40547784479836, 4.70234460220951, 
4.70691032185162, 5.09431987534647, 4.86160578864349, 5.42956609834227, 
4.90062004433148, 5.8086924679355, 4.81472107197133, 5.22793638171533, 
5.82269199411406, 5.4045446773296, 5.29498556654746, 5.57902967900903, 
4.34274055294851, 4.62628021558876, 4.87983761505851, 5.47784709141673, 
4.93600346130521, 4.98768062032847, 5.46182709622117, 5.59544885896626, 
5.06175268640586, 5.03451257002371, 4.97291701336702, 4.61183013323858, 
5.35879313126991, 4.87313155261161, 5.14844833835005, 3.88369908072239, 
4.42677428733608, 3.87963639294651, 5.58158958252989, 4.71421268220195, 
5.90125477771269, 4.725274314844, 4.31394249149437, 4.15983655538161, 
4.91326514902205, 5.95080361691619, 5.20046992543613, 4.97821036394779, 
5.48899602213008, 4.2178088208074, 4.72583909321151, 6.04130378228614, 
5.15782488505783, 4.7312521993036, 5.06133776505287, 5.34647042224707, 
5.2926770810784, 5.11608217786444, 5.99389987193756, 4.65311329147919, 
4.97286504600568, 4.5900133797609, 5.25708233143344, 4.71701211613479, 
5.69553062258644, 5.65268648170492, 5.34362250854661, 5.46824612345286, 
5.41148939857239, 5.06506316914381, 4.96605737854767, 4.89001154381414, 
5.34320676296658, 4.699775330238, 5.45282587735522, 4.46992085805976, 
5.14559619792165, 5.00205764822702, 4.66391529354387, 6.23306402406099, 
4.92929205842591, 4.42818040029054, 4.60661092392774, 4.47907479679895, 
4.48968561731435, 5.4787851891672, 5.14385756493806, 5.29272250664194, 
3.88036151269689, 5.4723834815467, 4.98112531826275, 4.21732101830741, 
5.27350362442102, 4.77492565241384, 4.09953023758902, 4.53792496288369, 
5.03937181525054, 5.18547976527859, 6.05099893710392, 5.90170874218849, 
5.40385304046683, 5.53593890762034, 4.25337091726542, 4.63564089845964, 
5.5591620172268, 4.87332657263696, 4.34259250178398, 5.75094314165435, 
4.56325487502606, 4.63965809274009, 5.40782008681342, 5.39409195801947, 
4.86316586110048, 5.07710305755834, 4.92922930862658, 6.31120468016901, 
4.77063779303798, 4.33589733181727, 4.69801113473513, 4.87270480494065, 
6.38207694268711, 4.62867341144382, 5.5378483546831, 4.68921403373749, 
5.30996617158689, 5.46500603701302, 4.97528305661937, 3.5131465634355, 
5.58628286340197, 4.98902019205792, 5.66375477751173, 5.16928236152152, 
6.4029738256857, 5.9508796170399, 4.74332009508676, 4.14346947368753, 
4.98856649914144, 5.74904373529067, 6.35725103084198, 5.18957168925933, 
4.23976111640931, 5.28636455143367, 5.14138840860178, 5.34951203437357, 
5.48652893902964, 4.08930818689714, 5.6233596045905, 3.90618788477717, 
5.59038456404322, 4.63901265167532, 4.70931300702208, 5.49995285237395, 
4.70841064523812, 5.89725329744725, 4.7072446696361, NA, NA, 
NA, NA, NA, NA, NA, NA, NA, NA, NA, NA, NA, NA, NA, NA, NA, NA, 
NA, NA, NA, NA, NA, NA, NA, NA, NA, NA, NA, NA, NA, NA, NA, NA, 
NA, NA, NA, NA, NA, NA, NA, NA, NA, NA, NA, NA, NA, NA, NA, NA, 
NA, NA, NA, NA, NA, NA, NA, NA, NA, NA, NA, NA, NA, NA, NA, NA, 
NA, NA, NA, NA, NA, NA, NA, NA, NA, NA, NA, NA, NA, NA, NA, NA, 
NA, NA, NA, NA, NA, NA, NA, NA, NA, NA, NA, NA, NA, NA, NA, NA, 
NA, NA, NA, NA, NA, NA, NA, NA, NA, NA, NA, NA, NA, NA, NA, NA, 
NA, NA, NA, NA, NA, NA, NA, NA, NA, NA, NA, NA, NA, NA, NA, NA, 
NA, NA, NA, NA, NA, NA, NA, NA, NA, NA, NA, NA, NA, NA, NA, NA, 
NA, NA, NA, NA, NA, NA, NA, NA, NA, NA, NA, NA, NA, NA, NA, NA, 
NA, NA, NA, NA, NA, NA, NA, NA, NA, NA, NA, NA, NA, NA, NA, NA, 
NA, NA, NA, NA, NA, NA, NA, NA, NA, NA, NA, NA, NA, NA, NA, NA, 
NA, NA, NA, NA, NA, NA, NA, NA, NA, NA, NA, NA, NA, NA, NA, NA, 
NA, NA, NA, NA, NA, NA, NA, NA, NA, NA, NA, NA, NA, NA, NA, NA, 
NA, NA, NA, NA, NA, NA, NA, NA, NA, NA, NA, NA, NA, NA, NA, NA, 
NA, NA, NA, NA, NA, NA, NA, NA, NA, NA, NA, NA, NA, NA, NA, NA, 
NA, NA, NA, NA, NA, NA, NA, NA, NA, NA, NA, NA, NA, NA, NA, NA, 
NA, NA, NA, NA, NA, NA, NA, NA, NA, NA, NA, NA, NA, NA, NA, NA, 
NA, NA, NA, NA, NA, NA, NA, NA, NA, NA, NA, NA, NA, NA, NA, NA, 
NA, NA, NA, NA, NA, NA, NA, NA, NA, NA, NA, NA, NA, NA, NA, NA, 
NA, NA, NA, NA, NA, NA, NA, NA, NA, NA, NA, NA, NA, NA, NA, NA, 
NA, NA, NA, NA, NA, NA, NA, NA, NA, NA, NA, NA, NA, NA, NA, NA, 
NA, NA, NA, NA, NA, NA, NA, NA, NA, NA, NA, NA, NA, NA, NA, NA, 
NA, NA, NA, NA, NA, NA, NA, NA, NA, NA, NA, NA, NA, NA, NA, NA, 
NA, NA, NA, NA, NA, NA, NA, NA, NA, NA, NA, NA, NA, NA, NA, NA, 
NA, NA, NA, NA, NA, NA, NA, NA, NA, NA, NA, NA, NA, NA, NA, NA, 
NA, NA, NA, NA, NA, NA, NA, NA, NA, NA, NA, NA, NA, NA, NA, NA, 
NA, NA, NA, NA, NA, NA, NA, NA, NA, NA, NA, NA, NA, NA, NA, NA, 
NA, NA, NA, NA, NA, NA, NA, NA, NA, NA, NA, NA, NA, NA, NA, NA, 
NA, NA, NA, NA, NA, NA, NA, NA, NA, NA, NA, NA, NA, NA, NA, NA, 
NA, NA, NA, NA, NA, NA, NA, NA, NA, NA, NA, NA, NA, NA, NA, NA, 
NA, NA, NA, 0.272837783080231, 0.220779288412984, 0.276649951085446, 
0.318286210440616, 0.340663624433299, 0.394285412271091, 0.284191620379901, 
0.322731832579475, 0.316594683854727, 0.341744722326606, 0.196079624664968, 
0.350189009027602, 0.326137047745388, 0.349666063409521, 0.269951998423285, 
0.278141092836217, 0.30947139397388, 0.375307027709093, 0.251643771052036, 
0.320150158127536, 0.35999389983205, 0.302979967337603, 0.326681151682874, 
0.28164056092736, 0.408511166889084, 0.325274109647021, 0.263115727294699, 
0.300865632017384, 0.303216484007537, 0.381628748316673, 0.350327130695467, 
0.30047145902346, 0.379037792095967, 0.290089537194461, NA, 0.281211303051431, 
0.422424702292517, 0.368084197164614, 0.348561563785048, 0.241112393554228, 
0.197792556333747, 0.257360476210425, 0.366226777399286, 0.226673356549241, 
0.38541919336456, 0.277988953017281, 0.311843035672971, 0.284818222557557, 
0.307357784860881, 0.318743659554201, NA, 0.318019634950178, 
0.233853717730102, 0.398982340478665, 0.354309719151036, 0.296974033623283, 
0.242527866366732, 0.359074295586192, 0.375612688019893, 0.225794566441181, 
0.311165096064015, 0.262727299887325, 0.376815714262161, 0.298117907400253, 
0.271147628985224, 0.270819739045834, 0.294339950373073, 0.373476250339342, 
0.233914886124399, 0.377840855377783, 0.322063235240011, 0.279528739312423, 
0.316665713829064, 0.25558347817006, NA, 0.254571555890619, 0.311037442472045, 
0.300563126808007, 0.293052038775329, 0.254989827565125, 0.341768143056447, 
0.29421682965931, 0.212531211500963, 0.323922831124486, 0.284726528910463, 
0.25095834055897, 0.34040162309234, 0.262167744133402, 0.329213981894152, 
0.373348668155975, 0.249870304529082, 0.27541305518905, 0.281053515925412, 
0.271051936063506, 0.319509416839493, 0.30314622224069, 0.321884485198185, 
0.329513497519044, 0.286724178204283, 0.416792721027837, 0.385367595733883, 
0.268976922659919, 0.218890426532259, 0.307807722277185, 0.253840618004391, 
0.32935337167245, 0.314907460212464, 0.216171177911856, 0.279299223686965, 
NA, NA, 0.337360219226942, 0.30711864933876, 0.347905418243915, 
0.318397733633602, 0.327878003039865, 0.246089133395005, 0.392602512417916, 
0.31661606588592, 0.271699936202294, 0.382614644757459, 0.390543214590896, 
0.272296869326813, 0.299096860003164, 0.302655191157725, 0.363180518536576, 
0.311799760103652, 0.253397853653473, 0.294667007024479, 0.24816181254894, 
0.435855197137019, 0.254081808146884, 0.351304526391271, 0.319796181029826, 
0.365789482419858, 0.31043249351226, 0.293069868642945, 0.28405217473403, 
0.331036956510203, 0.339303748829828, 0.289467418971404, 0.379162569643496, 
0.389273216211468, 0.295758577454194, 0.377036168005504, 0.317919827745694, 
0.376316285171819, 0.293316605055982, 0.324146080257397, 0.333304411587584, 
0.251391024273929, 0.301529250004554, 0.311707752153911, 0.217694264223519, 
0.228589808592786, 0.256500650676466, 0.292018009069026, 0.34226016782397, 
0.302871183522071, 0.274886918419108, 0.24488917686825, 0.270756489349582, 
0.443626568728066, 0.260419752967687, 0.306126067332568, 0.345444361028931, 
0.278329008808411, 0.310281497887492, 0.360919758687274, 0.31716574972284, 
0.317204028551553, 0.303058794806053, 0.362784573698742, 0.299050697329412, 
0.355733519766074, 0.412100352830505, 0.287229161124813, 0.341849751398758, 
0.326555313672497, 0.284747549718913, 0.274842866439753, 0.257752538636028, 
0.358250732795452, 0.351960822515918, 0.294233515325442, 0.284037315752082, 
0.28200437866205, 0.275932630151542, 0.343189799477316, 0.40642082605542, 
0.231392791213932, 0.301545309042565, 0.291637262491967, 0.26816164895447, 
0.366234241722895, 0.247715663980472, 0.305091650568275, 0.32171782781923, 
0.25106961475931, 0.252674590468503, 0.36460572685053, 0.328260809146721, 
0.263912974735845, 0.273379532687436, 0.358162090773358, 0.414389173389843, 
0.321537478340775, 0.263774548702758, 0.245005017765041, 0.341392710344254, 
0.288078878227976, 0.300100986400043, 0.293162779451869, 0.278810501251756, 
0.273870402187952, 0.309729813527406, 0.27800961284914, 0.300439940155627, 
0.28898379390025, 0.268527230908186, 0.33126068771837, 0.20818674358978, 
0.339520590478526, 0.322633102933692, 0.295480151414712, 0.297498359551946, 
0.404202995472566, 0.27352795186453, 0.267344877709961, 0.31604304433274, 
0.277015493874492, 0.255307944472991, 0.293201799388988, 0.327094476214624, 
0.372138282589487, 0.268828359933591, 0.326102508784108, 0.269584733547949, 
0.308863755977385, 0.294602982628141, 0.296359593803808, 0.329811674149069, 
0.374103895858425, 0.25987182612583, 0.31604909655511, 0.283576486190729, 
0.370480345266325, NA, NA, 0.311836181437853, 0.280546030531784, 
0.259547997548919, 0.359110305643601, 0.215958186319174, 0.307075429551496, 
0.34332731093077, 0.253997388736988, 0.280439112432724, 0.350722343456547, 
0.264833949657941, 0.349509259640643, 0.392049556935996, 0.295886598069308, 
0.349565097219457, 0.321164513776092, 0.29522028588069, 0.294034451221043, 
0.338456756670385, NA, NA, 0.33998804053345, 0.220336760435625, 
0.20489777362041, 0.357350501503764, 0.307836156569718, 0.313294725707462, 
0.344818999193, 0.239435923001119, 0.253247736980767, 0.231659868093085, 
0.240487814180678, 0.32877885785297, 0.333342063641675, 0.32221929002797, 
0.274064141262296, 0.320943274548649, 0.205459591385325, 0.231231021247486, 
0.3456416683112, 0.218560182172676, 0.326867306245003, 0.249939686731092, 
0.25306839021294, 0.30636143043388, 0.317468967929939, 0.337828280640797, 
0.393762390367724, 0.369933101681408, 0.254260830508252, 0.333983445181418, 
0.328958894933928, 0.284462364992313, 0.335189956823135, 0.341741546074839, 
0.31357268186385, 0.241100664293241, 0.260402963343875, 0.22119270199659, 
0.296261580002557, 0.332480597338403, 0.297410207787114, 0.324212685735534, 
0.251466742832077, 0.307830662239114, 0.39808346102537, 0.358215231051655, 
0.271274409871975, 0.324919965390681, 0.360267401602985, 0.270527308313984, 
0.373277086252565, 0.448412231485788, 0.265877434595139, 0.340149647168212, 
0.27542108126155, 0.313870717913359, 0.318341574209764, 0.298836126122974, 
0.31706641252282, 0.339353611241026, 0.296415822747136, 0.316694675056341, 
0.390704835913416, 0.221468971975366, 0.372106089610507, 0.380438503982267, 
0.389096086105688, NA, NA, 0.313527953420115, 0.280898194733149, 
0.237710938424357, 0.40005159308584, 0.303531633057284, 0.334693042732245, 
0.327779246651315, 0.341286804257578, 0.339983379427842, 0.240206816469773, 
0.218778302243713, 0.312468338471052, 0.292864304779041, 0.324683872172577, 
0.290251695574706, 0.28382427562934, 0.241844017486687, 0.258076093011531, 
0.249217227978416, 0.296166759266483, 0.334341633598886, 0.307615720474403, 
0.270362547671154, 0.242813253736475, 0.38955981653757, 0.32979453592521, 
0.343818485077079, 0.359239076225616, 0.264950090488939, 0.294870215415337, 
0.299922505582653, 0.199010625516577, 0.322429700699999, 0.29584736691764, 
0.291817360098096, 0.24443243801796, 0.300681581454098, 0.298939067579607, 
0.391210508245524, 0.307936793202855, 0.360123242107726, 0.287134477701295, 
0.27994041518798, 0.26574694359813, 0.316388716660012, 0.285135783878371, 
0.321871468189438, 0.390595496663067, 0.362507048450871, 0.270597632421023, 
0.31085687367609, 0.261979253884802, 0.287771545902401, 0.363962676717256, 
0.346493810888262, 0.38101434440256, 0.277479839569461, 0.266169002497976, 
0.25378278791786, 0.281493799920532, 0.240463800409894, 0.334304074253811, 
0.360773087315791, 0.268446909634865, 0.279280051024667, 0.307836095343701, 
0.330942120543725, 0.257458711051255, 0.259612420631287, 0.263908012723256, 
0.285157456378575, 0.319067809190538, 0.2982635440756, 0.279872927504771, 
0.236046436391655, 0.27795195538064, 0.286446448638623, 0.261068945723334, 
0.32357611569621, 0.286217144816481, 0.228462658895608, 0.293496447400519, 
0.287511640971864, 0.364985594174493, 0.369173762398203, 0.298765821262427, 
0.316328084277818, 0.323911969031241, 0.26069922678032, 0.322863938118025, 
0.326126898020394, 0.313631954490031, 0.348797042190077, 0.318402538977889, 
0.289125398679729, 0.322755000757878, 0.265885294707117, 0.25612077970216, 
0.300840313145217, 0.318010977890827, 0.341573985816183, 0.259076979276092, 
0.245773340722914, 0.35086920009035, 0.253296284608963, 0.229621417914569, 
0.41048323226586, 0.369990634099744, 0.306083975922214, 0.404035631911943, 
0.325983512226329, 0.351125451023143, 0.270391200699924, 0.22509071511047, 
0.316848834803011, 0.341354464912603, 0.305644906016387, 0.265765733496402, 
0.258693029874484, 0.298802199008091, 0.253203031579392, 0.262844916422082, 
0.357002640595115, 0.361795214115291, 0.260320887752973, 0.300111879021252, 
0.35432155726181, 0.356009267387499, 0.283775101591871, 0.257907576462023, 
0.230157461548971, 0.324166736742995, 0.258307153680773, 0.283044962629332, 
0.342945568639698, 0.225729608067355, 0.303892448606821, 0.259288567679331, 
0.183974525969335, 0.344250923358676, 0.334125068437497, 0.327938180681129, 
0.22825261643497, 0.264102554183927, 0.291800228115788, 0.35076890541367, 
0.310112249652314, 0.327265762810215, 0.313063241181653, 0.340862359435249, 
0.283774030738755, 0.236757860863698, 0.308191157268211, 0.260454049116624, 
0.347967899175166, 0.328503863363678, 0.345351575798819, 0.328121981098155, 
0.262614350418377, 0.318066740531047, NA, NA, NA, NA, NA, NA, 
NA, NA, NA, NA, NA, NA, NA, NA, NA, NA, NA, NA, NA, NA, NA, NA, 
NA, NA, NA, NA, NA, NA, NA, NA, NA, NA, NA, NA, NA, NA, NA, NA, 
NA, NA, NA, NA, NA, NA, NA, NA, NA, NA, NA, NA, NA, NA, NA, NA, 
NA, NA, NA, NA, NA, NA, NA, NA, NA, NA, NA, NA, NA, NA, NA, NA, 
NA, NA, NA, NA, NA, NA, NA, NA, NA, NA, NA, NA, NA, NA, NA, NA, 
NA, NA, NA, NA, NA, NA, NA, NA, NA, NA, NA, NA, NA, NA, NA, NA, 
NA, NA, NA, NA, NA, NA, NA, NA, NA, NA, NA, NA, NA, NA, NA, NA, 
NA, NA, NA, NA, NA, NA, NA, NA, NA, NA, NA, NA, NA, NA, NA, NA, 
NA, NA, NA, NA, NA, NA, NA, NA, NA, NA, NA, NA, NA, NA, NA, NA, 
NA, NA, NA, NA, NA, NA, NA, NA, NA, NA, NA, NA, NA, NA, NA, NA, 
NA, NA, NA, NA, NA, NA, NA, NA, NA, NA, NA, NA, NA, NA, NA, NA, 
NA, NA, NA, NA, NA, NA, NA, NA, NA, NA, NA, NA, NA, NA, NA, NA, 
NA, NA, NA, NA, NA, NA, NA, NA, NA, NA, NA, NA, NA, NA, NA, NA, 
NA, NA, NA, NA, NA, NA, NA, NA, NA, NA, NA, NA, NA, NA, NA, NA, 
NA, NA, NA, NA, NA, NA, NA, NA, NA, NA, NA, NA, NA, NA, NA, NA, 
NA, NA, NA, NA, NA, NA, NA, NA, NA, NA, NA, NA, NA, NA, NA, NA, 
NA, NA, NA, NA, NA, NA, NA, NA, NA, NA, NA, NA, NA, NA, NA, NA, 
NA, NA, NA, NA, NA, NA, NA, NA, NA, NA, NA, NA, NA, NA, NA, NA, 
NA, NA, NA, NA, NA, NA, NA, NA, NA, NA, NA, NA, NA, NA, NA, NA, 
NA, NA, NA, NA, NA, NA, NA, NA, NA, NA, NA, NA, NA, NA, NA, NA, 
NA, NA, NA, NA, NA, NA, NA, NA, NA, NA, NA, NA, NA, NA, NA, NA, 
NA, NA, NA, NA, NA, NA, NA, NA, NA, NA, NA, NA, NA, NA, NA, NA, 
NA, NA, NA, NA, NA, NA, NA, NA, NA, NA, NA, NA, NA, NA, NA, NA, 
NA, NA, NA, NA, NA, NA, NA, NA, NA, NA, NA, NA, NA, NA, NA, NA, 
NA, NA, NA, NA, NA, NA, NA, NA, NA, NA, NA, NA, NA, NA, NA, NA, 
NA, NA, NA, NA, NA, NA, NA, NA, NA, NA, NA, NA, NA, NA, NA, NA, 
NA, NA, NA, NA, NA, NA, NA, NA, NA, NA, NA, NA, NA, NA, NA, NA, 
NA, NA, NA, NA, NA, NA, NA, NA, NA, NA, NA, NA, NA, NA, NA, NA, 
NA, NA, NA, NA, NA, NA, NA, NA, NA, NA, NA, NA, NA, NA, NA, NA, 
NA, NA, NA, NA, NA, NA, NA, NA, NA, NA, NA, NA, NA, NA, NA, NA, 
NA, NA, NA, NA, NA, NA, NA, NA, NA, NA, NA, NA, NA, NA, 0.290089537194461, 
0.69580970307559, 0.327902126554465, 0.360341355511242, 0.353580193702634, 
0.319429744556983, 0.35932307187191, 0.347151341095738, 0.289471494155322, 
0.353043932834188, 0.340097608388455, 0.469223290537973, 0.31483645372766, 
0.362546840460983, 0.391389859937413, 0.365339745132669, 0.340662915773739, 
0.352667519814442, 0.264051324843545, 0.27177837381343, 0.312563178143657, 
0.377715887415265, 0.315014349113117, 0.325157113305531, 0.382328212600042, 
0.459590939827613, 0.260145263055491, 0.383706717666611, 0.306043994142288, 
0.299004374211232, 0.400758498363675, 0.377351207629677, 0.307107523015039, 
0.589407498973047, 0.377126539232961, NA, 0.341329849105722, 
0.399899855786918, 0.362748095251983, 0.394080553467961, 0.269084855652968, 
0.253023297505579, 0.30188038716099, 0.417875983040523, 0.463452843866067, 
0.388615821578609, 0.283607209742632, 0.377111509964586, 0.380493239649636, 
0.302725529667255, 0.294272918771171, NA, 0.364723716764288, 
0.387891048792173, 0.383246929662523, 0.347035217082263, 0.34402372915009, 
0.2517755531611, 0.349619097816635, 0.352022510408576, 0.347244413170827, 
0.330113293099813, 0.245396942188599, 0.464754728178808, 0.311306374629384, 
0.278306079282094, 0.271812183508474, 0.301306285386316, 0.341304421575047, 
0.212833245062442, 0.398464655850596, 0.426432043700217, 0.255149191367354, 
0.345709487830947, 0.414055385468792, NA, 0.444055326020498, 
0.557440989013342, 0.347817703395735, 0.311817409791288, 0.498485719280993, 
0.277832834720537, 0.416772775317251, 0.333972478042958, 0.409545801976809, 
0.346991327434574, 0.269139430677369, 0.331079400905965, 0.293919215805209, 
0.54318692284719, 0.298913464318908, 0.33210845215464, 0.596319561914063, 
0.418572079764133, 0.252987780206695, 0.329348548496908, 0.304168742273082, 
0.426844864398284, 0.414263106351966, 0.275456201172198, 0.371286464371688, 
0.443196959837313, 0.293102406835174, 0.252419685390756, 0.382706667358716, 
0.533065265328226, 0.283211933309687, 0.42519204964429, 0.371129312095272, 
0.343204479164223, NA, NA, 0.358752203612206, 0.289934447606642, 
0.338401684139315, 0.404583186331086, 0.492136240711637, 0.429849751358881, 
0.495734584804291, 0.217209349999097, 0.429925174190178, 0.386591629399308, 
0.4172093645245, 0.314593017624281, 0.373829047671681, 0.3728678690266, 
0.4209585927816, 0.367462013758243, 0.369998847931013, 0.335018821142581, 
0.342002361734639, 0.375241940812876, 0.348241134787526, 0.321224916557551, 
0.385075853199564, 0.313489237316765, 0.351052694110101, 0.401180423287194, 
0.483453869193592, 0.242049891422077, 0.364071288146209, 0.332541686086281, 
0.394918240184359, 0.308170945227874, 0.327980517696995, 0.356766830887735, 
0.34575015788431, 0.421036373907136, 0.306976829858203, 0.425546635032854, 
0.389171293738845, 0.245615964202768, 0.431298323207371, 0.354032260275655, 
0.313714244628321, 0.19223590557183, 0.302520060599467, 0.462402772813874, 
0.220916471591816, 0.349145353299765, 0.419842174154308, 0.306907645107833, 
0.240309446438626, 0.418470632543475, 0.316187533794248, 0.312768675906709, 
0.337689782379264, 0.319717191788281, 0.385917066187483, 0.334690607859114, 
0.353611770307446, 0.341422844695087, 0.562972736114297, 0.394032951616266, 
0.184589819404427, 0.332315392275857, 0.301802649474474, 0.324178549642072, 
0.37874626020006, 0.341779263997479, 0.424866711327876, 0.354437096857634, 
0.285289222315388, 0.387327894893989, 0.391285848773809, 0.363211788974766, 
0.277551617856245, 0.425901197367697, 0.366839481032075, 0.348166063376201, 
0.396538436858103, 0.384698525123667, 0.416647497704344, 0.372139795235804, 
0.35947998871264, 0.398943172156658, 0.269502200997516, 0.352183850089208, 
0.310046720694014, 0.260193417831203, 0.141413362351388, 0.335092690364228, 
0.339272383189009, 0.354773877946329, 0.272885107787082, 0.486261252223747, 
0.488644397998961, 0.416767966300882, 0.371817887613024, 0.357127581778858, 
0.313963571918727, 0.479036849783189, 0.382979873064643, 0.740281801734455, 
0.264234223996604, 0.389280876469268, 0.29042680511086, 0.327894899508617, 
0.365762444958202, 0.333014362970107, 0.328602381031937, 0.366622895754429, 
0.286621808600502, 0.305860968547102, 0.333152179317801, 0.379000926053682, 
0.315751933749822, 0.486196404554742, 0.353878649353524, 0.455812279775439, 
0.416706150148326, 0.35682407179262, 0.626018357777667, 0.32579412483545, 
0.312416743682835, 0.344538686577938, 0.327739286107319, 0.500226211852083, 
0.399614693302334, 0.199568270309762, 0.404838501640646, 0.386386556709432, 
0.390533334805472, 0.392486798617572, 0.372253185119862, 0.366912131957938, 
0.341526897184767, 0.484778210727205, NA, NA, 0.365255967409007, 
0.286034254458389, 0.304559311587278, 0.365686015129966, 0.332719130403819, 
0.410410809542889, 0.337036551897759, 0.199818391284226, 0.331125187098785, 
0.353003602881674, 0.332946457346942, 0.322781560526996, 0.374674240298134, 
0.307050738323078, 0.409764970062998, 0.330489316879887, 0.385319307661146, 
0.362761817168039, 0.307976054703949, NA, NA, 0.329546134837883, 
0.473617682795775, 0.194724511354975, 0.345413610173147, 0.289234888354537, 
0.259794080748795, 0.362632615227814, 0.321533989913374, 0.312045369109255, 
0.357242326123028, 0.273625462110074, 0.285610381448124, 0.391449479904084, 
0.324941256275604, 0.506958549545961, 0.335913690773332, 0.397379484532678, 
0.355714022090503, 0.375352528669102, 0.175314428549878, 0.313565852975995, 
0.370501242029498, 0.314130436982616, 0.301189443727128, 0.3517368924034, 
0.364360795769925, 0.402069713981815, 0.430215419776909, 0.304086836644435, 
0.296809363180225, 0.295025761645282, 0.395056210480764, 0.377617987549488, 
0.335489584468742, 0.340630847990382, 0.202998857826529, 0.36896793377793, 
0.291892369938556, 0.300429614760064, 0.437471931079074, 0.312947867380409, 
0.331525893355591, 0.313176468742675, 0.352266087841773, 0.419825380201302, 
0.407091633871195, 0.278617927091778, 0.399462500622544, 0.376949620652525, 
0.31806827656716, 0.359081409692162, 0.378027482650134, 0.19380413946269, 
0.336763310979922, 0.337304418695211, 0.346743102785886, 0.327693914383577, 
0.600727848696837, 0.370531900177462, 0.355006914267087, 0.263098889922153, 
0.277932093126408, 0.395245305032926, 0.431587614286917, 0.365140096412066, 
0.381009955473622, 0.374989756255774, NA, NA, 0.213938091097513, 
0.328910048444309, 0.490569817133499, 0.344735811028292, 0.391321126879007, 
0.505743015577843, 0.345627777909704, 0.368567882762718, 0.447551365970525, 
0.299685561381947, 0.335499482779059, 0.366828062672843, 0.29562853992774, 
0.329021516937625, 0.348212252366445, 0.294653100955449, 0.385656149522022, 
0.410384632126406, 0.25498121502669, 0.31781222376644, 0.35799089643245, 
0.390187156585642, 0.270846237769772, 0.378163442762164, 0.312840603173558, 
0.372798097916667, 0.336595924671454, 0.340698504614757, 0.32208130686614, 
0.240961998926035, 0.337084727204705, 0.303144811818197, 0.297199839097606, 
0.379816103480282, 0.362183363528005, 0.395314674451907, 0.443316759655355, 
0.305443527841, 0.364040209414497, 0.283717986397388, 0.456817392125815, 
0.29606037551545, 0.354733918379645, 0.298662612907189, 0.298340973063888, 
0.331842311007685, 0.323479354298378, 0.446661198118174, 0.481821699999724, 
0.397609867962501, 0.275801698788631, 0.260123418381443, 0.464558482561355, 
0.334002658171044, 0.323831658522828, 0.405436261878896, 0.37368670905552, 
0.35206894522884, 0.303409519483961, 0.411654135331943, 0.23411160787499, 
0.261150510055905, 0.343045029679467, 0.270904736608008, 0.376903340906595, 
0.325743254879019, 0.33304179884371, 0.329513707607415, 0.39152320669078, 
0.276051992533949, 0.343187807197739, 0.34847403026728, 0.229988221021429, 
0.307996008012503, 0.303130180284031, 0.374872567615127, 0.342258306385906, 
0.26421466373855, 0.320437948884312, 0.443740454037659, 0.349671039355681, 
0.390241613194671, 0.3140831125667, 0.368064132201924, 0.232898675446373, 
0.311061133453884, 0.31909679421076, 0.419876236028197, 0.380623596733375, 
0.498815881511721, 0.372207055738793, 0.346357692563832, 0.435868731238993, 
0.406991166991789, 0.268281828543592, 0.341814583124149, 0.558687403297555, 
0.274627628136096, 0.293699425096812, 0.418199449485211, 0.414458339874491, 
0.370999971408333, 0.315200145866388, 0.368730675966309, 0.303549568677105, 
0.337294772127854, 0.320763493409494, 0.333209147625676, 0.339886054088766, 
0.247129218539333, 0.288551750560001, 0.365428140826518, 0.275910467593792, 
0.462793213359733, 0.513954479048568, 0.283833931707774, 0.353608975855161, 
0.281302013789719, 0.328103655808163, 0.498035139560983, 0.265229355440071, 
0.332669675212845, 0.398866488423067, 0.382302417529826, 0.337825581185052, 
0.24096199301014, 0.490673367540549, 0.31048772630774, 0.449621156173269, 
0.360736432550922, 0.350042571116792, 0.363265539489401, 0.528629924601614, 
0.298869604521005, 0.39646718476391, 0.37871550470152, 0.33263188969746, 
0.400009556708193, 0.309485707860707, 0.213903457669464, 0.327513970449033, 
0.279988456317176, 0.314161436150761, 0.284610037769461, 0.376691122684772, 
0.334746217179262, 0.341777725141749, 0.347804627195244, 0.218407968020921, 
0.323116783529091, 0.413888708702302, 0.382390865841825, 0.381749447034858, 
0.345336714181523, 0.322805133622737, 0.373973487818184, 0.296091550150853, 
0.346650099335305, 0.310173991441571, 0.321608956886915, NA, 
NA, NA, NA, NA, NA, NA, NA, NA, NA, NA, NA, NA, NA, NA, NA, NA, 
NA, NA, NA, NA, NA, NA, NA, NA, NA, NA, NA, NA, NA, NA, NA, NA, 
NA, NA, NA, NA, NA, NA, NA, NA, NA, NA, NA, NA, NA, NA, NA, NA, 
NA, NA, NA, NA, NA, NA, NA, NA, NA, NA, NA, NA, NA, NA, NA, NA, 
NA, NA, NA, NA, NA, NA, NA, NA, NA, NA, NA, NA, NA, NA, NA, NA, 
NA, NA, NA, NA, NA, NA, NA, NA, NA, NA, NA, NA, NA, NA, NA, NA, 
NA, NA, NA, NA, NA, NA, NA, NA, NA, NA, NA, NA, NA, NA, NA, NA, 
NA, NA, NA, NA, NA, NA, NA, NA, NA, NA, NA, NA, NA, NA, NA, NA, 
NA, NA, NA, NA, NA, NA, NA, NA, NA, NA, NA, NA, NA, NA, NA, NA, 
NA, NA, NA, NA, NA, NA, NA, NA, NA, NA, NA, NA, NA, NA, NA, NA, 
NA, NA, NA, NA, NA, NA, NA, NA, NA, NA, NA, NA, NA, NA, NA, NA, 
NA, NA, NA, NA, NA, NA, NA, NA, NA, NA, NA, NA, NA, NA, NA, NA, 
NA, NA, NA, NA, NA, NA, NA, NA, NA, NA, NA, NA, NA, NA, NA, NA, 
NA, NA, NA, NA, NA, NA, NA, NA, NA, NA, NA, NA, NA, NA, NA, NA, 
NA, NA, NA, NA, NA, NA, NA, NA, NA, NA, NA, NA, NA, NA, NA, NA, 
NA, NA, NA, NA, NA, NA, NA, NA, NA, NA, NA, NA, NA, NA, NA, NA, 
NA, NA, NA, NA, NA, NA, NA, NA, NA, NA, NA, NA, NA, NA, NA, NA, 
NA, NA, NA, NA, NA, NA, NA, NA, NA, NA, NA, NA, NA, NA, NA, NA, 
NA, NA, NA, NA, NA, NA, NA, NA, NA, NA, NA, NA, NA, NA, NA, NA, 
NA, NA, NA, NA, NA, NA, NA, NA, NA, NA, NA, NA, NA, NA, NA, NA, 
NA, NA, NA, NA, NA, NA, NA, NA, NA, NA, NA, NA, NA, NA, NA, NA, 
NA, NA, NA, NA, NA, NA, NA, NA, NA, NA, NA, NA, NA, NA, NA, NA, 
NA, NA, NA, NA, NA, NA, NA, NA, NA, NA, NA, NA, NA, NA, NA, NA, 
NA, NA, NA, NA, NA, NA, NA, NA, NA, NA, NA, NA, NA, NA, NA, NA, 
NA, NA, NA, NA, NA, NA, NA, NA, NA, NA, NA, NA, NA, NA, NA, NA, 
NA, NA, NA, NA, NA, NA, NA, NA, NA, NA, NA, NA, NA, NA, NA, NA, 
NA, NA, NA, NA, NA, NA, NA, NA, NA, NA, NA, NA, NA, NA, NA, NA, 
NA, NA, NA, NA, NA, NA, NA, NA, NA, NA, NA, NA, NA, NA, NA, NA, 
NA, NA, NA, NA, NA, NA, NA, NA, NA, NA, NA, NA, NA, NA, NA, NA, 
NA, NA, NA, NA, NA, NA, NA, NA, NA, NA, NA, NA, NA, NA, NA, NA, 
NA, NA, NA, NA, NA, NA, NA, NA, NA, NA, NA, NA, NA, NA, NA, NA, 
NA, NA, NA, NA, 1.57873782817821, 1.14706026959295, 1.26577659228807, 
1.51715710353333, 0.908951102059812, 1.09250750953026, 1.16076548611819, 
0.912423139985956, 1.09222436532842, 1.43187077341965, 1.56238614007191, 
0.98869077929497, 1.06022682948801, 1.0781540846079, 1.58450071255306, 
1.10376675494375, 1.14982467870308, 1.22604530576335, 1.09378539614039, 
0.845521733742839, 1.12346900025014, 0.951429880793568, 1.18977234329044, 
0.857963391438926, 1.16523468603848, 1.02897736365334, 1.34895884065106, 
1.31593973162225, 1.03949812487757, 1.24925709471427, 0.955102958204815, 
1.07619976284333, 1.14242864793931, 1.1997113893353, NA, 1.08126927285911, 
1.33537133538628, 0.902742316227751, 1.75693433920762, 1.18135768423092, 
1.293605522604, 0.983678951006989, 1.1569236993794, 1.35907912308376, 
0.742004128955262, 1.48948334474854, 1.40493549276797, 1.0727713175191, 
1.71609567988667, 0.981352246471922, NA, 1.32354534952887, 1.41993446253559, 
0.86712807391778, 1.50939863036068, 1.09656496461612, 1.61607377730295, 
0.940795310161722, 1.362556393918, 2.1377057582418, 0.956505977797687, 
0.954387786475686, 0.900555013495827, 0.95830394153438, 0.990566830134794, 
1.49547033054975, 1.38847055899901, 0.962316805772051, 1.21810895419736, 
1.01396253018075, 1.23676680573875, 1.31056108777734, 1.24608194558538, 
1.44560403613424, NA, 1.34413329165419, 1.15940131655186, 1.33657050488111, 
1.37761494212066, 1.18621987856278, 1.1957315321829, 1.49420187423332, 
1.31229013443818, 1.72516487794297, 1.23598911988461, 1.60406506556087, 
1.49558971692473, 0.942010922165407, 1.37379447159884, 0.97983332630226, 
0.985711245835533, 1.57419893563107, 1.47558200954758, 1.31573737390846, 
0.989984511004468, 1.11690315804918, 1.48968339894581, 1.00153721392895, 
1.6499718602017, 0.825928309521435, 0.713454494800936, 1.33860150361661, 
1.16676541650177, 0.952803631751422, 1.98882423998592, 0.986690045836192, 
1.19251177364921, 1.33024439106647, 1.47613169264384, NA, NA, 
0.867005834897431, 1.23536375466945, 1.43825951217869, 1.27773340621044, 
1.1318285310459, 1.48653601948588, 0.859250357947539, 2.11645752403347, 
1.49385461569839, 1.22352209383282, 0.562448341631451, 1.07554088390155, 
1.78333520210936, 1.2160173201843, 1.33887052927366, 1.36042050496368, 
1.2854246222745, 0.723655408791102, 1.41062515716026, 1.18614076144975, 
1.2050827704121, 1.17735243723778, 1.24320529508387, 1.16886037917348, 
1.14857442390017, 1.19142127516042, 1.71266016815382, 1.07922100663957, 
1.27580137708802, 1.10148143378184, 1.13176436081818, 1.08203698751242, 
1.01541702547014, 1.54295026820451, 1.01312377302608, 1.20670027090829, 
1.06976842307097, 1.11279111276647, 1.22087777322334, 1.019562869621, 
1.00794344764309, 1.66396571822681, 1.22841839146557, 1.42844488675707, 
1.38170936215257, 1.17222227387361, 1.05931988481873, 1.23040888290469, 
1.38659758428286, 0.999814496049845, 1.32508694256326, 0.750408279007134, 
1.4722469561931, 1.53314289275375, 0.891110752580008, 1.358515491565, 
1.23388287180687, 0.937086199558659, 0.692573850118502, 1.01892422459232, 
1.9564590862722, 1.00963352033602, 1.4353727366498, 0.829674636194022, 
1.27850054162853, 1.38535024219785, 1.13730750807878, 0.949589450203425, 
1.53670229922241, 1.04581388409442, 1.17228372140137, 0.835293753914878, 
1.13072302062865, 1.1096318761373, 1.1016195972045, 1.62412240638694, 
0.856216812033113, 1.24025219263376, 1.14632745928633, 1.67148213204911, 
1.55519508071552, 1.08803303230765, 1.42347595802253, 1.51865240205445, 
1.18750019119384, 1.47267794785935, 0.865551171259513, 1.03906080892254, 
1.14228453526363, 1.15669034711564, 1.2989042938371, 1.62013379893347, 
1.36263563429143, 0.739422321695888, 0.99603702474212, 1.33611630367692, 
1.30695661248759, 1.44819142506486, 1.31535615260417, 1.31981041070564, 
1.266752383906, 1.25508658688788, 1.68340251529958, 1.09102841220747, 
1.32012880451543, 1.24403640557689, 1.12435810430452, 1.23947831476609, 
0.911486398222888, 0.810446456928074, 1.6030011990088, 0.798316363954813, 
1.13137382914304, 1.15891405394902, 1.20320257378485, 1.1200691550944, 
0.953012851686887, 1.81436316089673, 1.11073661596535, 1.11735299860582, 
2.1479386619293, 1.27251130157884, 0.955620535028143, 1.15999130498526, 
1.15844995108924, 1.22979224452912, 1.24069502464569, 1.32151279301817, 
1.24352759720487, 1.10087404166935, 0.883557726114354, 1.431680125704, 
1.32301079026464, 1.3336752282653, 1.21041955445608, 1.18218070630759, 
NA, NA, 0.993815698420722, 0.921681372249058, 1.03006920688103, 
1.04577050802472, 1.7864658196452, 1.41092211327775, 1.06720323689246, 
1.10504608129668, 0.902313969741085, 1.27842517134405, 1.14988012898385, 
0.811550513710865, 1.11706627831029, 1.29281110986574, 1.28976465741042, 
1.16617347700714, 1.6471626607829, 1.53382127677739, 1.35390738967933, 
NA, NA, 1.20680462260903, 1.63934175757769, 1.8369053483891, 
0.989585209164017, 1.0207468052511, 1.50827239033324, 1.27361645408992, 
1.27066488458773, 1.22536887786965, 1.6079063982072, 1.16220267076688, 
1.0589987093739, 0.93285752279719, 1.16457677215221, 1.16935092219085, 
1.48880289635679, 1.42583651189304, 1.48440853973231, 0.826936482304115, 
1.04351006103908, 1.0774126417185, 0.914868910586726, 1.15246216201122, 
1.47246546744471, 0.85147840780787, 1.52693027831865, 1.35987065282231, 
1.42318234694839, 1.18849031300957, 1.10129738411362, 1.00365019051243, 
1.19053984327005, 1.50001997754293, 1.6130040132906, 1.246083637762, 
0.990043213147575, 1.06362991416295, 1.07039963976183, 1.36577575666452, 
1.58118038495654, 1.02637767052939, 0.967256266427694, 0.998856073420263, 
0.816320712535129, 1.12305009343316, 1.2874032932996, 0.882841443149653, 
1.02215124199814, 1.0647581563898, 1.24419294665426, 0.977241721747655, 
0.725525897503718, 1.38092020610955, 0.899309820161428, 0.99073799099209, 
1.6207705674764, 1.11006576220817, 1.50327441589154, 1.53009582511548, 
1.32151227200987, 1.06217184808976, 1.01222858113921, 0.941519681022952, 
1.17284978715312, 1.04488475262885, 0.779794361891527, 0.713976851261806, 
NA, NA, 1.24448348627692, 0.988246733323685, 1.9812134344021, 
1.07881064183693, 1.19375568972359, 1.15971853072982, 1.46193582981265, 
1.52392804811184, 1.07057108988272, 0.897948211739999, 1.56658531348268, 
0.954138082703743, 1.14598659797134, 1.13846769329105, 1.40968421646592, 
1.06285768182987, 1.19346614218368, 1.78019024967389, 1.23814813194298, 
1.12774063027507, 1.19310832503041, 1.19461061280375, 1.21925121363528, 
1.42538453990921, 1.02215948782106, 1.23119210246857, 1.02188048191317, 
1.35554785125484, 1.34724596228644, 1.69367790160021, 0.908140106312154, 
1.37691528624439, 1.11519502181884, 1.23386947120021, 1.21572779504434, 
1.99050420347254, 1.81963679086936, 1.4170100128699, 1.16508253217719, 
0.996817790893581, 1.04093462735295, 0.720490440771956, 1.21314461396917, 
1.04918017330939, 0.952682996473596, 1.69630014991683, 1.10555364313168, 
1.03281109935141, 1.23855903362988, 1.19921359552271, 1.93273328348058, 
1.06451085882679, 1.02451115239645, 1.52357347921014, 1.07989726382135, 
0.857724682018959, 1.67315103556735, 1.06588129921478, 1.11833441794885, 
1.3010704851705, 1.2135849836332, 0.89393575159634, 0.853567493852111, 
1.10252612754059, 1.16386693814633, 0.727446074248036, 1.23962344686998, 
0.921376528386541, 1.35848883726412, 0.983443460532574, 1.15159713103215, 
1.36078632972568, 1.383405077571, 1.28650650123824, 1.3951754758843, 
1.04421881494426, 1.34768331798191, 0.927008875757098, 1.42989996017795, 
1.51389477119534, 1.51550929400586, 1.6344233882232, 0.971985180299981, 
0.972410990193133, 0.935198099767432, 0.893470760294058, 0.890522284346888, 
1.16738052985964, 1.29374791501577, 1.23915324974815, 0.84177903255198, 
1.00918072863375, 1.28834261170506, 1.34800287368239, 0.865387735607327, 
0.98973827161441, 1.65270272626667, 1.25926595756365, 1.28265832957366, 
1.23959067858332, 0.914191303151457, 1.13694479210204, 1.16270303837866, 
1.8565376789106, 1.0911201687662, 1.06677914354091, 1.32683960589938, 
0.779865117007553, 0.98384769991755, 1.36393752861664, 1.00732205906392, 
1.44597767809618, 0.994214632777491, 1.40863274663857, 1.3653979969297, 
1.01223225926102, 1.0720973263655, 1.17938235093682, 1.02964881135456, 
1.76518726993983, 1.46553640186472, 1.06219141567222, 1.00704683040269, 
1.19291524479187, 1.21730661444015, 1.15923423074303, 1.29165795200004, 
1.05309189569183, 1.23841068517365, 1.25064263354906, 1.21849556473974, 
1.49747767595693, 1.5415573012747, 0.897100273414246, 1.09213405830658, 
1.68492258727066, 1.32333889146959, 1.24379030499267, 1.564090150121, 
1.21274345607723, 0.953092508660704, 1.15041779300719, 0.993863322151981, 
1.10229021642942, 1.37817943657138, 1.27149565092474, 0.930425393173855, 
1.18662832354649, 0.96429071199124, 0.890920300424076, 1.08664757881802, 
1.40451887520378, 1.32204846288011, 1.08434684385298, 0.80614132614515, 
1.09342922900984, 1.13840555920928, 1.12558459225771, 1.05915327046156, 
0.841549813780538, NA, NA, NA, NA, NA, NA, NA, NA, NA, NA, NA, 
NA, NA, NA, NA, NA, NA, NA, NA, NA, NA, NA, NA, NA, NA, NA, NA, 
NA, NA, NA, NA, NA, NA, NA, NA, NA, NA, NA, NA, NA, NA, NA, NA, 
NA, NA, NA, NA, NA, NA, NA, NA, NA, NA, NA, NA, NA, NA, NA, NA, 
NA, NA, NA, NA, NA, NA, NA, NA, NA, NA, NA, NA, NA, NA, NA, NA, 
NA, NA, NA, NA, NA, NA, NA, NA, NA, NA, NA, NA, NA, NA, NA, NA, 
NA, NA, NA, NA, NA, NA, NA, NA, NA, NA, NA, NA, NA, NA, NA, NA, 
NA, NA, NA, NA, NA, NA, NA, NA, NA, NA, NA, NA, NA, NA, NA, NA, 
NA, NA, NA, NA, NA, NA, NA, NA, NA, NA, NA, NA, NA, NA, NA, NA, 
NA, NA, NA, NA, NA, NA, NA, NA, NA, NA, NA, NA, NA, NA, NA, NA, 
NA, NA, NA, NA, NA, NA, NA, NA, NA, NA, NA, NA, NA, NA, NA, NA, 
NA, NA, NA, NA, NA, NA, NA, NA, NA, NA, NA, NA, NA, NA, NA, NA, 
NA, NA, NA, NA, NA, NA, NA, NA, NA, NA, NA, NA, NA, NA, NA, NA, 
NA, NA, NA, NA, NA, NA, NA, NA, NA, NA, NA, NA, NA, NA, NA, NA, 
NA, NA, NA, NA, NA, NA, NA, NA, NA, NA, NA, NA, NA, NA, NA, NA, 
NA, NA, NA, NA, NA, NA, NA, NA, NA, NA, NA, NA, NA, NA, NA, NA, 
NA, NA, NA, NA, NA, NA, NA, NA, NA, NA, NA, NA, NA, NA, NA, NA, 
NA, NA, NA, NA, NA, NA, NA, NA, NA, NA, NA, NA, NA, NA, NA, NA, 
NA, NA, NA, NA, NA, NA, NA, NA, NA, NA, NA, NA, NA, NA, NA, NA, 
NA, NA, NA, NA, NA, NA, NA, NA, NA, NA, NA, NA, NA, NA, NA, NA, 
NA, NA, NA, NA, NA, NA, NA, NA, NA, NA, NA, NA, NA, NA, NA, NA, 
NA, NA, NA, NA, NA, NA, NA, NA, NA, NA, NA, NA, NA, NA, NA, NA, 
NA, NA, NA, NA, NA, NA, NA, NA, NA, NA, NA, NA, NA, NA, NA, NA, 
NA, NA, NA, NA, NA, NA, NA, NA, NA, NA, NA, NA, NA, NA, NA, NA, 
NA, NA, NA, NA, NA, NA, NA, NA, NA, NA, NA, NA, NA, NA, NA, NA, 
NA, NA, NA, NA, NA, NA, NA, NA, NA, NA, NA, NA, NA, NA, NA, NA, 
NA, NA, NA, NA, NA, NA, NA, NA, NA, NA, NA, NA, NA, NA, NA, NA, 
NA, NA, NA, NA, NA, NA, NA, NA, NA, NA, NA, NA, NA, NA, NA, NA, 
NA, NA, NA, NA, NA, NA, NA, NA, NA, NA, NA, NA, NA, NA, NA, NA, 
NA, NA, NA, NA, NA, NA, NA, NA, NA, NA, NA, NA, NA, NA, NA, NA, 
NA, NA, NA, NA, NA, NA, NA, NA, NA, NA, NA, NA, NA, NA, NA, NA, 
NA, NA, NA, NA, NA, NA, NA, NA, NA, 1.1997113893353, 0.550842531912784, 
0.945234509624717, 1.07569647459731, 1.15588875068696, 0.619826959988501, 
1.07683174383369, 0.996868511624805, 0.809801704511042, 0.592051891323725, 
0.846980577252868, 0.785598607477137, 0.87717688689138, 0.932689548901337, 
0.876441066325386, 0.888049928437129, 1.01605248721552, 1.20624192631496, 
1.1032153706289, 0.890582075025946, 0.601271588557622, 0.900258687088134, 
0.714839829467801, 0.932149351506019, 0.698203460281477, 0.879209629419275, 
0.634248421686871, 0.800914002442056, 0.995250664795221, 0.768433342512475, 
1.03821231063779, 0.796383767442373, 0.866793328274994, 0.399375362163059, 
0.569569292893401, NA, 0.86130531229647, 0.857236475515601, 0.932691724759412, 
0.916796672916094, 0.662795606944816, 1.19745778447643, 0.427743118411698, 
0.836426739322686, 0.589098639234907, 0.722147144337061, 0.699877147860856, 
0.894813394254277, 0.780561124706826, 0.761179022203616, 0.917639984368197, 
NA, 0.802966006859443, 0.739283331413537, 0.436600894696904, 
0.860604793694644, 0.654174184035368, 1.12109384368084, 0.605063363435079, 
0.991353970633487, 1.51402443456909, 0.828161564659238, 0.673834413257266, 
0.628422260752199, 1.01327691529805, 0.938203465533608, 0.78930124134256, 
0.896260345214218, 0.829114160740238, 0.512834952162628, 1.08393428467413, 
0.555605485088988, 0.836731436433562, 1.29192383239992, 0.807444729566153, 
NA, 0.662192579084439, 0.664274329734625, 0.872584919131196, 
0.821929913312927, 0.599723327049372, 0.951117289235205, 0.726211385478592, 
0.844053227270302, 1.02182908040667, 0.958079775956036, 0.959407105248757, 
1.29197598090367, 0.773309785711584, 0.912593318404207, 0.846115499301401, 
0.348563708254049, 1.04984060805867, 1.00461909321891, 1.25693452892424, 
0.993344733915402, 1.16217042577723, 0.781499161046077, 0.853133236441739, 
0.672533502752006, 0.599904062778309, 0.470366270956934, 0.690817886783942, 
0.893609578022114, 0.127205347054643, 1.18306635847725, 0.775047292360944, 
0.897727289964609, 0.732735890948634, 0.909552242071172, NA, 
NA, 0.665573976227532, 0.628294860068095, 0.720903178049653, 
0.784054443808221, 0.890550956386147, 0.683508804409741, 0.633955949256841, 
0.957291336188038, 0.996578590135553, 1.17139447913387, 0.562686822151837, 
0.883736765885619, 1.26847460880584, 0.641769562481151, 1.47307300402796, 
1.06360139279476, 1.02543507808189, 0.662744916534567, 0.733235965240866, 
0.943831881223817, 0.998884103989523, 0.719956227944712, 0.586693118745868, 
0.906891229449573, 0.940010012232473, 0.730492968023754, 0.791060613588816, 
0.629277837816747, 0.66350463036627, 0.819099129743945, 0.950315308034888, 
0.981652029244865, 0.928267970275905, 0.952355910760599, 0.837992880863577, 
0.726128129082025, 1.09600052351587, 0.842333423413097, 1.04374092700024, 
0.774274619625186, 0.450413432481692, 0.915539820105835, 0.688455770158699, 
0.668428564194117, 0.652518624600108, 0.509770914426424, 0.78776318764516, 
0.923036981185088, 0.795019603886751, 0.690582677225344, 1.16071347990604, 
0.730118334763299, 0.664603291024108, 0.900792598775683, 0.734263433678719, 
0.762996568976932, 0.880393039455239, 0.947985155816739, 0.642561171590544, 
0.96698543639561, 0.541079748554037, 0.797196858459188, 0.478161280416819, 
0.6414666196263, 0.819038135249019, 0.907749643464419, 0.970548728316555, 
0.611004336044941, 0.870376152995483, 0.67913755546323, 0.663613250125691, 
0.775200080912442, 1.01520330722615, 0.676069644178578, 0.805513077146883, 
0.690442702471537, 0.740813841169097, 1.19244380932834, 1.08665750384666, 
0.70400768371394, 0.952685743406797, 0.944997467214539, 0.820984836559886, 
0.967251895340755, 1.18345007939658, 1.0298178313917, 0.933403242307141, 
0.795886522168342, 1.03782299548949, 0.606660128804472, 0.838876685471624, 
0.728338481677681, 0.886029331916993, 0.536278113764803, 0.951928739643976, 
1.03353619265679, 0.850526191881303, 1.0523426228318, 1.14430950991061, 
1.09857817984169, 0.851088060267369, 0.365559161786243, 0.705262712754984, 
1.03416747294478, 1.27702967537814, 0.594984796025338, 0.97830168416764, 
0.628372792822585, 0.79183112891399, 0.76797119375686, 0.931043851604831, 
0.569833565393713, 0.941801214244916, 0.917655590890106, 0.848947421477511, 
1.11381273155016, 0.852987850131917, 0.941487405866668, 0.93741532441319, 
0.937725480600565, 0.762662407145108, 0.743379513055768, 0.902318354788299, 
1.11799464783885, 1.03403265462294, 1.45170847542354, 0.477487400408955, 
0.870056640236793, 0.585029381936764, 0.672017237561134, 0.67974338026762, 
0.427538595761471, 0.66950570665106, 1.1286976957083, 0.423797256230709, 
1.10008860949537, NA, NA, 0.728088435111164, 0.926153506266886, 
0.702332518298762, 1.04257146047257, 1.08423614466967, 0.86786110747347, 
0.654805484286179, 0.536627163708001, 0.672287890981191, 0.98433740296074, 
0.80950745975757, 0.698503989871722, 0.804793679338224, 1.0603566576, 
0.898947978507879, 0.765018230139473, 1.78160827124466, 0.80411010111212, 
1.38563350307745, NA, NA, 1.03522083793005, 1.51858312728354, 
0.78143090435686, 0.727049953266441, 0.751252100727228, 1.13859340965302, 
1.0125288959401, 1.26097917165638, 1.15054640370763, 1.09708913895566, 
0.775506599929572, 0.941114560828558, 0.677241874483777, 0.761799149774839, 
0.707581111191612, 0.685091139382892, 0.764829765639787, 0.543273099738655, 
0.706228745896965, 0.6814663603084, 0.751142027461834, 0.740328655751824, 
1.07071992073029, 0.919159623087475, 0.806226786191889, 0.940854810865004, 
1.3225977518439, 1.34765209013953, 0.856335408922263, 0.867578587460772, 
0.601389757790788, 0.653924846319812, 1.52189798689054, 1.23836036347848, 
0.853584726072536, 0.767518278797239, 0.851033888449259, 0.598756027727248, 
0.915719109053477, 0.933432660966013, 0.880838676875684, 1.02752547727824, 
0.822777524743281, 0.728156100727945, 0.839441071966655, 0.867503353965677, 
0.909759224912015, 0.759108836600959, 0.624488319676437, 0.766106847562174, 
0.740921233809188, 0.483646122979491, 0.785935180992409, 0.516927708925923, 
0.863788909130941, 1.12400888484922, 0.79904678770169, 0.386262272919306, 
1.31722021946864, 0.822813645222155, 0.762633445920041, 1.06371292118876, 
0.868252514098148, 0.625145177284575, 0.940978846083143, 0.830887703620573, 
0.741607207170728, NA, NA, 1.08566676074751, 0.678189046108262, 
1.3719003018793, 0.778114599812519, 0.907031264037609, 0.590722906232078, 
1.04852614132056, 1.47966400460212, 0.586598389345054, 0.717871207115871, 
0.778191989571018, 0.796188049648477, 0.931702381702628, 0.545667313020972, 
0.812243222740146, 0.75159418860766, 0.54411118037092, 1.257880316133, 
0.830148827362153, 0.920073103485246, 0.726950769061535, 1.0136147624005, 
0.668272481043631, 0.731661340962759, 0.833491111836066, 1.1864516649558, 
0.86266648702373, 0.969867228690914, 0.987423812063308, 1.12523122737176, 
0.612404301608048, 1.07483205653107, 0.844034131066, 1.04773009426292, 
0.980165323524215, 0.90679311667174, 1.17060035152508, 0.706303214829134, 
1.06107727860233, 0.723772337756937, 0.689498918065157, 0.579083318374175, 
0.788487046593204, 0.869074994181158, 0.735097524999603, 0.713534650614118, 
0.95855311889108, 1.03221224061073, 0.547788666746121, 0.751369375481755, 
0.527108666034119, 0.873301214984538, 0.659958987124424, 0.727715837098535, 
0.85544553301399, 0.551048768206652, 0.392369778915193, 0.546257583435558, 
0.999230895759296, 0.781155205380158, 0.780075346900401, 0.729591610166901, 
0.75627864069133, 1.14899121573951, 1.16499986717923, 0.646711041040551, 
0.817938631371914, 0.531916141771377, 0.993384017132987, 0.725166101008184, 
1.08640210424346, 1.16626926077789, 0.975224037182915, 0.989631185849109, 
0.919466033966796, 0.550592124099564, 0.914887766787801, 0.770447695223354, 
0.292415689864157, 0.837424263241737, 0.734326289933462, 1.05922200279867, 
0.911171361274539, 0.729865405212448, 0.55744984623378, 0.66802684375278, 
0.745738512369338, 0.792132527100943, 0.900685769985573, 0.965000565909644, 
0.691353670524246, 0.681935714532264, 0.93212182049382, 0.801735930984608, 
0.749204955406384, 0.879534192905964, 0.630009975030572, 0.630351695144063, 
0.816567187674856, 1.05544960878123, 0.707693936030086, 0.875318793274116, 
1.01527887132868, 0.668323514152394, 0.97130188767004, 0.640478472842765, 
0.8364958471751, 0.694301625210568, 0.581327607041831, 0.87066457438757, 
1.0013856853942, 1.07860711988683, 0.712153145689117, 0.532627276453047, 
0.405970036205065, 0.693611896908119, 1.15856200050971, 1.01745639238202, 
0.708823957766844, 0.300574827692369, 0.925501468937748, 0.721658298028492, 
0.813736504880301, 0.705780552598213, 0.790922762044908, 0.687850232050411, 
1.22704057435209, 0.855128308914393, 0.480387448289652, 0.481378281891708, 
0.566276944923639, 0.670178158931981, 0.725088307486574, 0.579231617970158, 
0.926601475120643, 0.904137171441042, 0.611996165924006, 0.947397845265076, 
0.798424775835916, 0.662786843366749, 0.718827793169002, 0.732540740477799, 
0.760169013033398, 0.700603757600916, 1.11715327392649, 1.20320910972206, 
0.597470212244167, 1.1731723650851, 0.730746249091153, 0.73493379535328, 
0.634227080775429, 0.712428574480923, 1.16017207005344, 0.864794070845918, 
0.854150666999014, 0.772347549380264, 0.956373140355791, 0.648686459183076, 
0.596108753239398, 0.575497489001907, NA, NA, NA, NA, NA, NA, 
NA, NA, NA, NA, NA, NA, NA, NA, NA, NA, NA, NA, NA, NA, NA, NA, 
NA, NA, NA, NA, NA, NA, NA, NA, NA, NA, NA, NA, NA, NA, NA, NA, 
NA, NA, NA, NA, NA, NA, NA, NA, NA, NA, NA, NA, NA, NA, NA, NA, 
NA, NA, NA, NA, NA, NA, NA, NA, NA, NA, NA, NA, NA, NA, NA, NA, 
NA, NA, NA, NA, NA, NA, NA, NA, NA, NA, NA, NA, NA, NA, NA, NA, 
NA, NA, NA, NA, NA, NA, NA, NA, NA, NA, NA, NA, NA, NA, NA, NA, 
NA, NA, NA, NA, NA, NA, NA, NA, NA, NA, NA, NA, NA, NA, NA, NA, 
NA, NA, NA, NA, NA, NA, NA, NA, NA, NA, NA, NA, NA, NA, NA, NA, 
NA, NA, NA, NA, NA, NA, NA, NA, NA, NA, NA, NA, NA, NA, NA, NA, 
NA, NA, NA, NA, NA, NA, NA, NA, NA, NA, NA, NA, NA, NA, NA, NA, 
NA, NA, NA, NA, NA, NA, NA, NA, NA, NA, NA, NA, NA, NA, NA, NA, 
NA, NA, NA, NA, NA, NA, NA, NA, NA, NA, NA, NA, NA, NA, NA, NA, 
NA, NA, NA, NA, NA, NA, NA, NA, NA, NA, NA, NA, NA, NA, NA, NA, 
NA, NA, NA, NA, NA, NA, NA, NA, NA, NA, NA, NA, NA, NA, NA, NA, 
NA, NA, NA, NA, NA, NA, NA, NA, NA, NA, NA, NA, NA, NA, NA, NA, 
NA, NA, NA, NA, NA, NA, NA, NA, NA, NA, NA, NA, NA, NA, NA, NA, 
NA, NA, NA, NA, NA, NA, NA, NA, NA, NA, NA, NA, NA, NA, NA, NA, 
NA, NA, NA, NA, NA, NA, NA, NA, NA, NA, NA, NA, NA, NA, NA, NA, 
NA, NA, NA, NA, NA, NA, NA, NA, NA, NA, NA, NA, NA, NA, NA, NA, 
NA, NA, NA, NA, NA, NA, NA, NA, NA, NA, NA, NA, NA, NA, NA, NA, 
NA, NA, NA, NA, NA, NA, NA, NA, NA, NA, NA, NA, NA, NA, NA, NA, 
NA, NA, NA, NA, NA, NA, NA, NA, NA, NA, NA, NA, NA, NA, NA, NA, 
NA, NA, NA, NA, NA, NA, NA, NA, NA, NA, NA, NA, NA, NA, NA, NA, 
NA, NA, NA, NA, NA, NA, NA, NA, NA, NA, NA, NA, NA, NA, NA, NA, 
NA, NA, NA, NA, NA, NA, NA, NA, NA, NA, NA, NA, NA, NA, NA, NA, 
NA, NA, NA, NA, NA, NA, NA, NA, NA, NA, NA, NA, NA, NA, NA, NA, 
NA, NA, NA, NA, NA, NA, NA, NA, NA, NA, NA, NA, NA, NA, NA, NA, 
NA, NA, NA, NA, NA, NA, NA, NA, NA, NA, NA, NA, NA, NA, NA, NA, 
NA, NA, NA, NA, NA, NA, NA, NA, NA, NA, NA, NA, NA, NA, NA, NA, 
NA, NA, NA, NA, NA, NA, NA, NA, NA, NA, NA, NA, NA, NA, NA, NA, 
NA, NA, NA, NA, NA, NA, NA, NA, NA, NA, NA, NA, NA, NA, NA), .Dim = c(1000L, 
2L, 3L), .Dimnames = list(NULL, c("mi", "cv"), c("intercept", 
"estimate", "mse")))
