structure(c(5.77762244720929, 5.57234593155765, 6.98147153613374, 
5.32615796239936, 5.34524526644378, 5.08454346172328, 4.70820940154898, 
4.91487951594601, 4.13428504519468, 4.98328270690821, 5.13315966492161, 
4.534249704458, 4.13792976912201, 5.28075426148755, 5.54810359730985, 
4.46018903790662, 4.74772434549075, 5.51549763539337, 4.75817866782695, 
5.34076245430977, 5.26123803433927, 5.65581564599319, 5.65398839237532, 
5.48210391839483, 4.97686607501536, 4.61640924764546, 5.35480987048617, 
5.00057058919965, 4.77921524455831, 4.84909572083136, 5.79288743884601, 
4.29100039656884, 5.29703451990313, 4.9216261361075, NA, 5.52735426823133, 
5.44599573134966, 4.79790581820494, 4.90075432491568, 6.00757949041077, 
5.02864712555989, 5.15823871836289, 4.43573325013317, 4.95963193302019, 
4.41554621815207, 3.7530427694691, 5.11358572451378, 5.42963902498049, 
6.09776088201281, 5.56048982773354, NA, 4.87997445918256, 5.58964064688983, 
5.55559679822252, 5.09754515826414, 5.81023754876462, 6.19624040533499, 
5.15433133580059, 5.13528414583772, 6.17260687487385, 5.16849119841264, 
5.08169954005795, 5.15189117203123, 5.76515332818025, 6.03430874109039, 
4.46143131215813, 6.65790457652775, 4.40287969944808, 6.38041212488009, 
4.19136107327552, 4.92323613673504, 5.18476500546069, 5.77911022231592, 
5.6554214767612, NA, 5.55845810443179, 4.59160707279463, 4.61783206545998, 
5.42434042847236, 4.47064025057814, 4.45200546216902, 5.36572607864384, 
4.89639950485586, 4.94439977537803, 4.12676903424487, 4.71422648299594, 
5.18199705513638, 4.77577142427671, 4.4728692057541, 5.16747260879464, 
4.54040835465367, 5.60757667609125, 5.02048338143904, 4.82116360708154, 
4.92327173775946, 4.7030202820328, 5.32808575515456, 3.96391641657729, 
5.1187439119097, 4.48648068110978, 4.50927604992192, 6.03013503589742, 
4.12848705530231, 5.1857606650568, 5.11810876159562, 4.93924924361368, 
5.2797873859773, 5.5632489286796, 4.31451468429962, NA, NA, 5.42043041422671, 
5.4172900711316, 5.53158264036313, 4.90493075315227, 5.36385939834167, 
5.39157293887986, 5.28765350597601, 6.00615843837821, 6.17831458154482, 
4.92786466305612, 5.22489893238017, 5.24730682871328, 5.4099521307692, 
4.68253678084632, 5.27014924404269, 4.77517508910294, 5.37642842358456, 
5.1320286863214, 4.73623615906669, 5.69244042338739, 6.06268260082586, 
5.23571935638184, 5.70896406634381, 4.91346767275266, 4.6449600349428, 
5.62621804149783, 5.77672183344155, 4.6566644759522, 5.08598060789329, 
4.73905748065885, 4.78497396249687, 5.65910109911703, 6.01402255877263, 
3.8865070623216, 5.77040689257224, 5.05007545501223, 6.0350267157582, 
4.68901576329126, 5.24240104269963, 5.43129373339795, 5.29683862912885, 
4.5889286982238, 5.17969977423134, 4.98198994747317, 5.22325607094813, 
5.0067391555205, 5.13673094905692, 4.71166422180114, 5.7039674045295, 
5.76032854924951, 3.94139448121622, 4.65746156180993, 5.06111442767065, 
4.84354980726999, 4.81198323090337, 5.28255935327668, 4.90494624579373, 
5.10737150411789, 4.48200141784726, 5.57550121894489, 5.32589123780287, 
5.14831544409697, 5.00696658507325, 5.31263644112446, 5.22276404417093, 
5.60619903237331, 5.50548186902811, 3.95275286279276, 6.21075215353725, 
6.33150855543018, 5.36740373248034, 5.29977740287248, 5.61841203988563, 
5.20510944844989, 4.40631785579659, 4.22131925828872, 5.52994004694933, 
5.19284264670081, 5.01326765599994, 5.21559538541345, 5.16717135549856, 
4.73701961456916, 5.61156591498456, 4.36487309528927, 5.22683274838176, 
5.87571172158693, 5.26829978280443, 4.7629804591824, 5.97434477404167, 
5.40518368834004, 5.35271152475719, 5.59160351506606, 5.39082163946188, 
4.8490174006052, 5.31877826010238, 5.38811325593855, 5.41517430370785, 
5.22901912804514, 5.06899609059252, 5.67566362764541, 5.26512985752211, 
5.43911214966443, 4.99967937427489, 6.31001039405298, 4.3663686335244, 
5.66942152421339, 5.73305644881995, 3.84310684296278, 5.41951999776128, 
4.83659371841873, 4.3543346206865, 4.52387290210132, 4.84206048201061, 
4.33381589755134, 5.44215082035752, 5.74627115728014, 5.75120943275126, 
5.87813786300503, 6.25408150480885, 5.01419382975714, 5.55683023474465, 
5.15492980636064, 5.11763849329504, 5.38114571271979, 5.93177445393203, 
5.33127283325268, 4.12232949355624, 4.25858513821186, 5.63735072621503, 
5.1813905776151, 5.93122919425511, 4.77723645630434, 5.70069886867567, 
4.67508009940327, 5.56214399284878, 5.74876684875323, NA, NA, 
4.17186762991578, 5.31549587801552, 4.74050232452185, 4.91982120770236, 
4.99212411539427, 4.8189542788881, 5.63103402865926, 4.73241593176511, 
3.83028681408828, 5.38265067025484, 5.55113408971157, 4.67705085802045, 
5.73385091535932, 5.3051661714609, 6.03720148770865, 5.06719142609814, 
5.13160189847241, 4.10735573758829, 5.60183016509778, NA, NA, 
5.24319650633366, 4.89748874350381, 4.72202081238898, 4.01562350792117, 
5.05131859745119, 4.8449538437568, 5.36585010629821, 4.98832896217987, 
4.79533311117909, 4.98615141702071, 4.68159727965912, 4.79587489167265, 
5.72403899986179, 4.8922108096693, 5.42553582945317, 4.83916368045858, 
4.90040760369387, 6.07241396336364, 4.60965969576716, 5.55314939062329, 
4.7978393589946, 3.49644799710492, 5.04397151848087, 3.87789365917599, 
4.77070221274113, 4.99871872315952, 4.78146891040235, 5.54885798040888, 
4.69917354472365, 6.08125676335116, 4.77146875063089, 5.01886704500343, 
4.61668207313246, 5.39134537609898, 4.76410624782234, 4.97280090795976, 
4.77054267021408, 5.53050525744167, 4.49665580963569, 5.56299540888281, 
5.09279236694351, 6.40275362543749, 5.57768633611828, 5.74140327019492, 
5.20250330141551, 5.65406771878075, 5.06961371143761, 4.68783386247345, 
5.26429519669396, 5.81785476529643, 5.21539346888051, 5.1847694899299, 
3.93213187585293, 4.41297556078661, 5.91634864379434, 4.81617043828492, 
5.88300185727987, 5.31347177428879, 5.15749266501015, 5.32097970074734, 
5.12906079758204, 5.52195367875731, 5.32730474500416, 4.88011910310428, 
4.49861121704262, 5.21781576322224, 5.14148770273608, NA, NA, 
4.77968013687039, 3.81253500448051, 4.87592567976091, 5.55586124571625, 
4.33441669912134, 5.37225007687977, 5.55915425056363, 5.40273040855366, 
5.50463333228253, 4.9857132502372, 5.03820478874723, 6.00849133309232, 
5.33467469458809, 5.82571059704936, 5.10262468807779, 5.03616708243315, 
5.12904589208651, 5.45906804986802, 5.61337057428391, 4.84521825123573, 
4.91565976540317, 4.852976200465, 5.48767286040244, 5.67009599385077, 
4.33487925028903, 4.50141212145236, 4.89126989607069, 4.96065965255839, 
4.90597530769012, 5.69266550699606, 4.63668855176866, 5.37392051498533, 
4.59773230843354, 4.56216017031719, 6.25136300740251, 4.48933314530696, 
4.91889948878451, 5.88342083639155, 4.78808902320434, 4.52829190646194, 
5.80051575948915, 4.47184631714192, 5.78238481560247, 5.45069915047342, 
4.41714656287405, 5.46838073048873, 6.12382881295502, 4.40533360186048, 
3.12778155665641, 4.40057507385895, 5.31016326282976, 4.45981077878082, 
5.41925631482576, 4.31859671176271, 6.18874464355627, 5.63018509851216, 
5.77024053395202, 5.64204806533479, 5.29336552882861, 5.94614701720704, 
5.96626717629915, 4.23568706126139, 5.03480574087831, 4.63668352239592, 
6.34933870707473, 5.93941567384396, 6.04744189273288, 5.73331648870568, 
5.24694622982112, 4.828389013866, 4.3798083013592, 5.60234510429272, 
5.63764218521772, 5.87829637839362, 5.2616942568053, 4.87254647561537, 
5.5148197623408, 4.62033520643592, 5.35975077725936, 4.84975978541089, 
5.0599951166928, 5.10482969552444, 5.04494043587985, 4.30862692921657, 
4.86935956086908, 4.42147002964313, 5.93269530439036, 6.10291067460163, 
4.616411370173, 4.56312685433399, 4.59756381625925, 5.11253638018283, 
4.64724626897287, 5.28122169726104, 4.92869317871416, 5.82563645598418, 
5.32392575414352, 5.36788178549407, 5.28520734014722, 5.04394812162289, 
5.63745588698595, 4.64758958279804, 5.03271856221896, 5.47265585858529, 
5.24437505739471, 4.89648028843753, 5.27472897626904, 4.5028863480054, 
5.92941765312964, 4.98470841961734, 4.81107463852281, 5.75454753870657, 
5.30106808578163, 5.39180281492016, 5.35900526430767, 4.35885065897696, 
3.84271875878821, 5.46965301522947, 5.83893532550412, 5.91060875103114, 
3.89504457495352, 5.84672897462674, 5.71063361369446, 5.93481725878401, 
5.73091343103901, 5.43565052587175, 6.43196935892212, 5.04120338180355, 
5.27794671672641, 5.19488377588022, 5.24447532877261, 4.86048371657165, 
5.07289900129869, 5.3836690555737, 4.90839342850363, 4.02141601622181, 
5.44724593341823, 5.51680081725614, 5.58701349456539, 4.44045677477169, 
6.33386694441464, 4.95117648685132, 4.9413727952709, 4.78395361676867, 
4.47268902644529, 5.35579282047923, 4.92471649863393, 5.07041377742939, 
5.31004643386213, 6.08496834299395, 6.02970653768626, 5.55488862308354, 
5.25723307661849, 5.26146321949896, 4.81212875320771, 5.48118944107049, 
4.82452359991237, 5.76521138449567, 5.18467194036119, 4.2334460603427, 
NA, NA, NA, NA, NA, NA, NA, NA, NA, NA, NA, NA, NA, NA, NA, NA, 
NA, NA, NA, NA, NA, NA, NA, NA, NA, NA, NA, NA, NA, NA, NA, NA, 
NA, NA, NA, NA, NA, NA, NA, NA, NA, NA, NA, NA, NA, NA, NA, NA, 
NA, NA, NA, NA, NA, NA, NA, NA, NA, NA, NA, NA, NA, NA, NA, NA, 
NA, NA, NA, NA, NA, NA, NA, NA, NA, NA, NA, NA, NA, NA, NA, NA, 
NA, NA, NA, NA, NA, NA, NA, NA, NA, NA, NA, NA, NA, NA, NA, NA, 
NA, NA, NA, NA, NA, NA, NA, NA, NA, NA, NA, NA, NA, NA, NA, NA, 
NA, NA, NA, NA, NA, NA, NA, NA, NA, NA, NA, NA, NA, NA, NA, NA, 
NA, NA, NA, NA, NA, NA, NA, NA, NA, NA, NA, NA, NA, NA, NA, NA, 
NA, NA, NA, NA, NA, NA, NA, NA, NA, NA, NA, NA, NA, NA, NA, NA, 
NA, NA, NA, NA, NA, NA, NA, NA, NA, NA, NA, NA, NA, NA, NA, NA, 
NA, NA, NA, NA, NA, NA, NA, NA, NA, NA, NA, NA, NA, NA, NA, NA, 
NA, NA, NA, NA, NA, NA, NA, NA, NA, NA, NA, NA, NA, NA, NA, NA, 
NA, NA, NA, NA, NA, NA, NA, NA, NA, NA, NA, NA, NA, NA, NA, NA, 
NA, NA, NA, NA, NA, NA, NA, NA, NA, NA, NA, NA, NA, NA, NA, NA, 
NA, NA, NA, NA, NA, NA, NA, NA, NA, NA, NA, NA, NA, NA, NA, NA, 
NA, NA, NA, NA, NA, NA, NA, NA, NA, NA, NA, NA, NA, NA, NA, NA, 
NA, NA, NA, NA, NA, NA, NA, NA, NA, NA, NA, NA, NA, NA, NA, NA, 
NA, NA, NA, NA, NA, NA, NA, NA, NA, NA, NA, NA, NA, NA, NA, NA, 
NA, NA, NA, NA, NA, NA, NA, NA, NA, NA, NA, NA, NA, NA, NA, NA, 
NA, NA, NA, NA, NA, NA, NA, NA, NA, NA, NA, NA, NA, NA, NA, NA, 
NA, NA, NA, NA, NA, NA, NA, NA, NA, NA, NA, NA, NA, NA, NA, NA, 
NA, NA, NA, NA, NA, NA, NA, NA, NA, NA, NA, NA, NA, NA, NA, NA, 
NA, NA, NA, NA, NA, NA, NA, NA, NA, NA, NA, NA, NA, NA, NA, NA, 
NA, NA, NA, NA, NA, NA, NA, NA, NA, NA, NA, NA, NA, NA, NA, NA, 
NA, NA, NA, NA, NA, NA, NA, NA, NA, NA, NA, NA, NA, NA, NA, NA, 
NA, NA, NA, NA, NA, NA, NA, NA, NA, NA, NA, NA, NA, NA, NA, NA, 
NA, NA, NA, NA, NA, NA, NA, NA, NA, NA, NA, NA, NA, NA, NA, NA, 
NA, NA, NA, NA, NA, NA, NA, NA, NA, NA, NA, NA, NA, NA, NA, NA, 
NA, NA, NA, NA, NA, NA, NA, NA, NA, NA, NA, NA, NA, NA, NA, NA, 
NA, NA, NA, NA, NA, NA, NA, NA, NA, NA, NA, NA, NA, NA, NA, NA, 
NA, NA, NA, NA, 4.9216261361075, 5.38237770536681, 5.36149654545235, 
7.05658087799222, 5.41582580127162, 5.49983436276768, 4.75467719703743, 
4.72926376257283, 4.92777353016906, 4.24640846108135, 4.71065214612857, 
4.72058947169355, 4.73411168669568, 4.0663995392198, 5.18591669388936, 
5.25173656500794, 3.9542980924481, 4.93442496414234, 5.36180798052059, 
4.44021810890882, 5.41432617075779, 4.90346218272021, 5.77440251983037, 
6.16090697988483, 5.23316017740416, 4.84623154817559, 4.57150595836467, 
5.67897095118414, 4.68698391343865, 4.36542457499711, 4.79068951517101, 
6.16425674540088, 4.25177172675482, 5.08849043756218, 4.99870746504839, 
NA, 5.27699212463716, 4.92242542072516, 4.58219240615454, 4.88330936184671, 
6.20032181219293, 4.92458111271008, 4.57043621803684, 4.43663591094295, 
5.15814038708846, 3.91055735549039, 3.44749634888123, 4.94176727751244, 
5.06713720624251, 5.47185973710893, 5.35735078397012, NA, 4.4737777131147, 
5.83139053789867, 5.4383865480809, 4.79148536793918, 5.79653780382282, 
5.52849810084808, 4.9606355236955, 4.94660399030098, 6.18163269837701, 
5.15076399705399, 4.81152065970747, 5.31048084397368, 5.56552319005935, 
5.61344398558826, 4.31308552465444, 6.15380825395477, 4.48968258908885, 
6.1319831178737, 4.17434191113863, 4.70621931121616, 5.09992035387071, 
5.1604434367129, 5.67135901997035, NA, 5.40640622731653, 4.46023294065222, 
4.49045809372408, 5.60902172037341, 4.54447393615132, 3.91528931947182, 
4.94755387444019, 5.2478833294655, 4.91206546125129, 4.2722003719333, 
5.16517978964777, 5.18846922974914, 4.93205258543493, 3.79108949079574, 
5.42747379949467, 4.64822649463782, 5.43023737592616, 4.64909130988895, 
4.8772532578377, 4.69320856309888, 5.07200775442798, 6.04653407392527, 
3.7195778801464, 5.13806409060303, 4.38473429987927, 4.32812742361638, 
5.68319088886543, 3.9010152454788, 5.35584794967703, 4.85401687063915, 
5.35822149594735, 4.97976520934222, 5.13931736765321, 4.31470668187381, 
NA, NA, 5.59829764552804, 5.20267358698284, 5.13515732673472, 
4.56006818075186, 5.0782132120126, 5.45207822596386, 5.29628907269439, 
5.45887909041407, 6.3097696243341, 4.75402714606721, 5.24412257846367, 
5.13452668906112, 5.52992114411117, 4.67619033634579, 5.02549613150027, 
4.48110313807743, 5.23604462803994, 4.94126945984078, 4.67657817448882, 
5.80948124725832, 5.81297059041432, 5.45190725473275, 5.60660316455456, 
4.92824977336556, 4.64572709858822, 4.88824583020747, 5.87792910999417, 
4.46886753308845, 4.75653398004829, 4.62294868409154, 4.49556918882462, 
5.48323727660219, 6.30338725868068, 3.62891292114597, 5.65095327555824, 
5.21599957677137, 5.77879296075471, 4.68901576329126, 5.45766678244623, 
4.93184282360981, 5.34275873282894, 4.38723121057791, 4.83773811904075, 
4.70104390363078, 5.45832817241442, 4.93265518375962, 5.16747373715764, 
4.50998943472306, 5.74397296380851, 5.4729336646813, 4.00319191147252, 
4.40456631473016, 4.87665324821485, 4.56504891595457, 5.40632086601847, 
4.79811911722795, 4.69255538655847, 4.86119631617051, 4.14897292865635, 
5.33973129604562, 4.78404821015075, 4.98627554534751, 4.31307939568251, 
5.23921307783442, 5.08287696326662, 5.15226008769333, 5.5647910956396, 
3.38264294257529, 5.80069188803379, 5.95285644322416, 5.75394059139006, 
5.16314214547871, 6.07949173719541, 5.14146048721502, 4.44850662079995, 
3.81634526964161, 5.32321203502923, 4.80849681650235, 4.64054302424545, 
4.91270551578038, 4.89636788145871, 4.63777136594024, 5.31519260630026, 
3.73143581892013, 4.99851692055553, 5.68775059062235, 5.61721855727733, 
5.06291418140274, 5.85421755652753, 5.84318478311777, 4.84054988513096, 
5.28209558569, 5.47925905817835, 4.66189582479913, 5.34358387578193, 
5.22349728077379, 4.95437945408422, 4.79942731396858, 4.73801464632791, 
5.16152918544817, 4.91543518566176, 5.17313439414201, 4.46685630142828, 
6.10693978525506, 4.51554002750109, 5.19937269623871, 6.04418689953298, 
3.90674410408754, 5.41681693145433, 4.77851364838268, 4.53908431538081, 
4.59698986224327, 4.81397671243593, 4.00221232133927, 5.38202034468586, 
5.34245380457039, 5.63956656080796, 5.95633045011303, 6.21453400934399, 
4.88125072607463, 5.39548098457243, 5.22628274485391, 5.01432667931517, 
5.48801925592197, 5.47385689050947, 5.08353446329095, 3.55493008915785, 
4.04133527258195, 5.45681177806403, 5.14729776185055, 5.4864662158257, 
5.01944995147138, 5.768032914459, 4.32708536174109, 5.39089973920769, 
6.19647358484274, NA, NA, 4.09290793887701, 5.35134361301348, 
4.42600438553914, 4.72749900953949, 4.89811975031599, 4.75547663693973, 
5.57277276770699, 4.82279669085458, 3.64003303999294, 4.68598436185094, 
5.44743454213237, 4.74947837660773, 5.54812013512821, 4.9065956714228, 
5.72011425211969, 4.53612370071419, 5.32990003819944, 4.00021259284828, 
5.2458480042616, NA, NA, 5.62562835183643, 4.3316318881621, 4.24819568603019, 
4.08676339833499, 4.76812144379298, 4.73252332836119, 5.07557881815441, 
5.25230369571573, 5.0765518217832, 4.86618217819587, 4.64803708552044, 
5.01926234579782, 5.28829327198579, 4.67017286700984, 4.66839374502599, 
4.39110471552815, 4.7804610878841, 5.98672307169614, 4.64811965463354, 
5.3045851482254, 5.03513314504314, 3.63343780898276, 5.00139600028341, 
3.78927340277798, 4.60008095824652, 4.6225147736161, 4.56184394466161, 
5.55741494203548, 4.1691638074556, 5.58985838359426, 4.99430347630034, 
4.74057366607397, 4.77139292330148, 5.23978334915739, 4.84636401850157, 
4.76751480356478, 4.41455307925232, 5.51404820677642, 4.47728518657535, 
5.62773944270867, 5.10710153031379, 5.58957957149748, 5.5675346865063, 
5.68218193762022, 5.0240654163653, 5.78776237035737, 4.73470591213517, 
4.61112771125159, 5.58182573971153, 5.18760811164952, 5.00749939869431, 
4.86380795786667, 3.96984032317405, 4.62546569511686, 5.48604520798076, 
4.67189304180075, 5.7094972088344, 5.33367319788869, 4.92752403788834, 
5.21540707874541, 4.84272050893827, 5.64701239864118, 5.14117482491866, 
4.87518232502114, 4.49080009730547, 5.34240612102867, 4.59727810733922, 
NA, NA, 4.63821899633364, 3.90976398457387, 4.91560621838358, 
5.70023567113821, 4.09802561024151, 4.74398369524579, 5.47780649784382, 
5.11583623342013, 5.40336578615404, 4.55145030883793, 5.15648847999762, 
5.64494218091997, 4.77813382785121, 5.62129771610238, 5.34287033665565, 
4.34769503068189, 5.05181546950158, 5.23260832905015, 5.43949057413569, 
4.75038016729205, 4.77805190273285, 4.75513414676665, 5.08773977832948, 
5.60036131618114, 4.26896426929514, 4.66751245981402, 4.6647848452801, 
4.64951805674533, 4.92111749737992, 5.49861526171427, 4.33120794929163, 
5.82550501620671, 4.50296856329821, 4.94568658321481, 6.16604494177112, 
4.37206177551842, 4.83584309071643, 5.64300425038004, 4.80404897620028, 
4.43096486951966, 5.48439431109125, 4.80592648109127, 5.54570082083337, 
5.03656046300037, 4.57721086381522, 5.30812416005083, 5.94544257460296, 
4.63814435327032, 2.7237078120728, 4.45292042444176, 5.18377923605323, 
4.23037049083656, 5.43360610172845, 4.5453398690232, 5.82646908997391, 
6.02075231547692, 5.48951840000744, 5.2624201414283, 5.14945803841159, 
4.89203745171819, 5.89145106860479, 4.15938478528552, 5.27672070574173, 
4.31310705424527, 6.4431776765057, 5.79260253637106, 6.18486198654149, 
5.61240897377493, 5.06805911676402, 4.2833469752602, 4.63804581780749, 
5.084824143356, 5.64067628436459, 6.41645959755279, 4.77936476624988, 
4.55407593506757, 5.44456294442712, 4.3636575997282, 5.26014398832782, 
4.70860272114199, 5.08461230816216, 4.75009834927554, 4.65288339706975, 
4.39735120165457, 4.85336393823507, 4.57299444802314, 5.58088090617246, 
5.72463989678651, 4.75175905761339, 4.18706667652602, 4.34616338538391, 
5.08048311472971, 4.53404407113503, 5.29031866551063, 4.64935688568461, 
5.95915814603634, 5.12292903755986, 5.06386417693064, 4.63760562173169, 
5.0566194634646, 5.31770199789932, 4.26900427775484, 5.25872632805158, 
4.94181069017013, 5.3209600606295, 4.76784956181331, 5.3162166672637, 
4.14219142433533, 5.31951714232674, 4.73589571150668, 4.6544331611745, 
5.43636259901939, 5.33129372959449, 4.61439642159692, 5.28079627924914, 
4.42947288656614, 3.70827031178134, 5.33840477795865, 5.14763087005186, 
6.0121672190643, 3.86413827285509, 5.53833948463648, 5.65451490714862, 
5.86765508006726, 5.12084768646375, 4.98480872812623, 6.33246054306931, 
4.81827324700736, 5.12552639605633, 4.69695962776972, 4.97961783238864, 
4.67272662074711, 4.93988640555509, 5.07100112634494, 4.65713190791056, 
3.99770460848336, 5.42659383949655, 5.46048360692473, 5.20001414214822, 
4.41027579532, 6.33268941708424, 4.75463650797871, 4.51781308095473, 
4.67786524364327, 4.38183090905329, 5.52274467067122, 4.26641302442366, 
5.09821572650306, 5.44266299975246, 5.72208720276141, 5.96428918521147, 
5.36532521240225, 5.33767079507053, 5.21869664135106, 4.46652179565651, 
5.44212745855156, 4.76220507254247, 5.9880667717703, 5.2173404022505, 
3.58052543657553, NA, NA, NA, NA, NA, NA, NA, NA, NA, NA, NA, 
NA, NA, NA, NA, NA, NA, NA, NA, NA, NA, NA, NA, NA, NA, NA, NA, 
NA, NA, NA, NA, NA, NA, NA, NA, NA, NA, NA, NA, NA, NA, NA, NA, 
NA, NA, NA, NA, NA, NA, NA, NA, NA, NA, NA, NA, NA, NA, NA, NA, 
NA, NA, NA, NA, NA, NA, NA, NA, NA, NA, NA, NA, NA, NA, NA, NA, 
NA, NA, NA, NA, NA, NA, NA, NA, NA, NA, NA, NA, NA, NA, NA, NA, 
NA, NA, NA, NA, NA, NA, NA, NA, NA, NA, NA, NA, NA, NA, NA, NA, 
NA, NA, NA, NA, NA, NA, NA, NA, NA, NA, NA, NA, NA, NA, NA, NA, 
NA, NA, NA, NA, NA, NA, NA, NA, NA, NA, NA, NA, NA, NA, NA, NA, 
NA, NA, NA, NA, NA, NA, NA, NA, NA, NA, NA, NA, NA, NA, NA, NA, 
NA, NA, NA, NA, NA, NA, NA, NA, NA, NA, NA, NA, NA, NA, NA, NA, 
NA, NA, NA, NA, NA, NA, NA, NA, NA, NA, NA, NA, NA, NA, NA, NA, 
NA, NA, NA, NA, NA, NA, NA, NA, NA, NA, NA, NA, NA, NA, NA, NA, 
NA, NA, NA, NA, NA, NA, NA, NA, NA, NA, NA, NA, NA, NA, NA, NA, 
NA, NA, NA, NA, NA, NA, NA, NA, NA, NA, NA, NA, NA, NA, NA, NA, 
NA, NA, NA, NA, NA, NA, NA, NA, NA, NA, NA, NA, NA, NA, NA, NA, 
NA, NA, NA, NA, NA, NA, NA, NA, NA, NA, NA, NA, NA, NA, NA, NA, 
NA, NA, NA, NA, NA, NA, NA, NA, NA, NA, NA, NA, NA, NA, NA, NA, 
NA, NA, NA, NA, NA, NA, NA, NA, NA, NA, NA, NA, NA, NA, NA, NA, 
NA, NA, NA, NA, NA, NA, NA, NA, NA, NA, NA, NA, NA, NA, NA, NA, 
NA, NA, NA, NA, NA, NA, NA, NA, NA, NA, NA, NA, NA, NA, NA, NA, 
NA, NA, NA, NA, NA, NA, NA, NA, NA, NA, NA, NA, NA, NA, NA, NA, 
NA, NA, NA, NA, NA, NA, NA, NA, NA, NA, NA, NA, NA, NA, NA, NA, 
NA, NA, NA, NA, NA, NA, NA, NA, NA, NA, NA, NA, NA, NA, NA, NA, 
NA, NA, NA, NA, NA, NA, NA, NA, NA, NA, NA, NA, NA, NA, NA, NA, 
NA, NA, NA, NA, NA, NA, NA, NA, NA, NA, NA, NA, NA, NA, NA, NA, 
NA, NA, NA, NA, NA, NA, NA, NA, NA, NA, NA, NA, NA, NA, NA, NA, 
NA, NA, NA, NA, NA, NA, NA, NA, NA, NA, NA, NA, NA, NA, NA, NA, 
NA, NA, NA, NA, NA, NA, NA, NA, NA, NA, NA, NA, NA, NA, NA, NA, 
NA, NA, NA, NA, NA, NA, NA, NA, NA, NA, NA, NA, NA, NA, NA, NA, 
NA, NA, NA, NA, NA, NA, NA, NA, NA, NA, NA, NA, NA, NA, NA, NA, 
NA, NA, NA, NA, NA, NA, NA, NA, NA, 4.66413590556018, 0.196939396360097, 
0.206077590098829, 0.167467315810106, 0.205712792668276, 0.248278372211221, 
0.194545546166065, 0.223782792194362, 0.201630128851327, 0.228138794667609, 
0.221436912368862, 0.195343489553616, 0.221562612356976, 0.264840540755559, 
0.236430677859056, 0.196908114667317, 0.242759588426214, 0.274345724103568, 
0.18247970597612, 0.311897238113018, 0.198517899631022, 0.191984279012741, 
0.218898011152654, 0.152181142495178, 0.207094564382345, 0.216696760418204, 
0.228519228844673, 0.201188642883999, 0.21066861365521, 0.186743272686323, 
0.231596246125128, 0.237718369150332, 0.285806925274414, 0.184083088803809, 
0.274939613692718, NA, 0.162698252860101, 0.199839405939655, 
0.184129633022724, 0.244641988949274, 0.149977535905909, 0.242798876989245, 
0.226766883602413, 0.240382093922677, 0.24961581772813, 0.235238087111462, 
0.253603160201287, 0.221185095672571, 0.212485699002547, 0.147175234729837, 
0.170275418072877, NA, 0.214372693957944, 0.252600300208028, 
0.213760296614996, 0.204830675580099, 0.227058745534782, 0.202372393183886, 
0.227442240555, 0.18698196691387, 0.186652561348573, 0.184435202887146, 
0.212518680147328, 0.257890450477387, 0.197480740793441, 0.211348476240582, 
0.20283360698512, 0.172900255388451, 0.22768435527656, 0.136069498162481, 
0.198286272529617, 0.19260197095405, 0.22881705834734, 0.171395027640563, 
0.227081650314414, NA, 0.2222560340903, 0.211764336579013, 0.260416600550947, 
0.234517962528597, 0.206937831485526, 0.245305753516542, 0.207976738205546, 
0.263648639900471, 0.221353862768709, 0.30256161155954, 0.216265810501848, 
0.262349835053371, 0.22438193295867, 0.217924211704776, 0.253509504742683, 
0.264208322377394, 0.229878010195028, 0.182736820144562, 0.246924812823021, 
0.221127018704379, 0.209984252999459, 0.233422390714842, 0.244845878815117, 
0.218264919143075, 0.249299162251168, 0.234842685866229, 0.17470143391194, 
0.258036063991005, 0.235809331837144, 0.203052985077876, 0.239333104247328, 
0.199843695887949, 0.252878124991893, 0.270030414437443, NA, 
NA, 0.213907008519959, 0.165177772757409, 0.21185173849484, 0.196618096121223, 
0.201832063967738, 0.238298476978068, 0.261581154819773, 0.14393448586618, 
0.227120333055814, 0.265689064922051, 0.264517097579907, 0.231008170067502, 
0.236927284262817, 0.247945979511318, 0.168369844313176, 0.247212549792812, 
0.216890881391612, 0.214353704211913, 0.202631284474386, 0.196985865505455, 
0.212301033354564, 0.231744261285645, 0.201449555607962, 0.241140658134559, 
0.256891580168616, 0.168260805903598, 0.218683941264923, 0.225324428887704, 
0.200614088875952, 0.254093347065643, 0.19567398918378, 0.230514516504601, 
0.192752869475535, 0.281783236761195, 0.158316074396841, 0.21435501797866, 
0.155386278144744, 0.283049833676337, 0.169835897167017, 0.197517854563433, 
0.219124960026598, 0.208663292173902, 0.216208991789154, 0.201666009698034, 
0.188937791305131, 0.237410975023579, 0.261648236192589, 0.257439860140691, 
0.174770814367953, 0.161171970775388, 0.237518117520711, 0.214483564279799, 
0.228449748253575, 0.196164890676117, 0.196646720298364, 0.165589182794416, 
0.241628205531712, 0.219445451446145, 0.266276434505007, 0.222882149403268, 
0.196390844651763, 0.205081914373002, 0.208753111582551, 0.19059592942405, 
0.226988966075193, 0.165012453679981, 0.224385534302868, 0.246422750549917, 
0.170098680419717, 0.176489859132182, 0.271709674319638, 0.218457649424226, 
0.230571787619083, 0.241058890927711, 0.235651745064518, 0.222119678274664, 
0.19613595240338, 0.20736581835557, 0.219982930133739, 0.241388493035146, 
0.218315116845547, 0.274729567611565, 0.203114441981924, 0.214801961345517, 
0.23948274570337, 0.174350111212586, 0.187497026902821, 0.23390877684391, 
0.174294275589289, 0.179467089929255, 0.171263432383334, 0.240871146694508, 
0.248583839998826, 0.2012968767502, 0.202988759048035, 0.175930350032951, 
0.234445842407199, 0.194702148753964, 0.181272845504783, 0.169375984746804, 
0.210662752392526, 0.217600819056258, 0.196912440950532, 0.189142543966832, 
0.240954279822592, 0.207002879787162, 0.193728595597423, 0.277239849183394, 
0.201109043243625, 0.213918500588607, 0.275554033201133, 0.203258374826689, 
0.244753336113935, 0.256772562882345, 0.205336541570608, 0.212334345782809, 
0.231084493766664, 0.202852429044773, 0.199174731430298, 0.184046038617308, 
0.190943151546632, 0.232686690613648, 0.214669465713285, 0.19566799551593, 
0.194709305601532, 0.165485187172913, 0.21893454917631, 0.231510814875256, 
0.194187622474188, 0.196056643278056, 0.153248007036555, 0.301207529404596, 
0.216443097533791, 0.227903407451144, 0.242327321030985, 0.191839652745329, 
NA, NA, 0.252189591298671, 0.266492209852613, 0.203624494112398, 
0.24433433190056, 0.215836736693893, 0.22202972430826, 0.197409835341078, 
0.260333673591808, 0.249351244002601, 0.187021421393085, 0.200458498979632, 
0.237953089301523, 0.182311608791634, 0.245730711716717, 0.176180884602036, 
0.197432274980855, 0.269023214851978, 0.249216828536043, 0.155184914749876, 
NA, NA, 0.177914433788398, 0.193317054048243, 0.190497249343117, 
0.28450400454073, 0.202829381210517, 0.225925864166956, 0.212402830570095, 
0.241725055354513, 0.267217399021799, 0.214827840127274, 0.241398653552714, 
0.188239960660029, 0.245180164622609, 0.200645605747976, 0.177734717664353, 
0.248969014630761, 0.216135120090085, 0.187798024934763, 0.230190976265548, 
0.204304370578049, 0.259275058769263, 0.279275899739252, 0.211618651039742, 
0.273598410882606, 0.211900397368123, 0.203893892478535, 0.228865298478414, 
0.19935827159534, 0.209562882185559, 0.17818978968449, 0.2156494135259, 
0.243530785508106, 0.229221364220462, 0.266704197193668, 0.225901481833275, 
0.198619458643771, 0.204344017548777, 0.22274373976892, 0.246057756348626, 
0.165048957690107, 0.199196204490584, 0.11816859527738, 0.212677518829534, 
0.191989746593479, 0.287947230889049, 0.241725174339012, 0.27167296626387, 
0.233272516897811, 0.237945596166465, 0.172530673773882, 0.210255862380118, 
0.230240555648536, 0.263014020517902, 0.286745179094616, 0.170463482814751, 
0.192506983702576, 0.201829726620469, 0.223191686382192, 0.219790795704992, 
0.231961684141519, 0.208424170119511, 0.245851605247385, 0.216031532390242, 
0.234321349940594, 0.245710039832122, 0.2039296988788, 0.185727727403484, 
NA, NA, 0.192538862370547, 0.257611378542488, 0.228319939173347, 
0.255462940150663, 0.267025232794224, 0.184657723405285, 0.180071921511754, 
0.187159033924947, 0.221785832772534, 0.219811995501828, 0.208982152492649, 
0.213355418663424, 0.176408257317897, 0.189662532196011, 0.264628312059812, 
0.200738413133792, 0.189846738747287, 0.212796852156845, 0.194362245583473, 
0.269763531842311, 0.175606768441081, 0.272052326175406, 0.246045361855791, 
0.182964789399725, 0.227302435810606, 0.267817332661949, 0.246043668997402, 
0.227409329560074, 0.250809239580421, 0.218335469156317, 0.201815249667736, 
0.182057534804199, 0.23304360062119, 0.225699988795608, 0.135462473112761, 
0.259535419848533, 0.240688610982504, 0.170191903300411, 0.233714513237771, 
0.272753826461945, 0.207044253148093, 0.3304811732457, 0.171334850926757, 
0.195673836917878, 0.248688890024627, 0.199720667866509, 0.202649880631244, 
0.240639103338264, 0.256523195920648, 0.203302802430893, 0.20935236732747, 
0.280581998320048, 0.251735182691605, 0.289766549377323, 0.192644038866238, 
0.226561185764227, 0.193784264311051, 0.196380243381035, 0.20674683521525, 
0.165672617850554, 0.21789144634881, 0.249340184404904, 0.22845423015213, 
0.202978096754675, 0.183151496984768, 0.223129377491017, 0.207052909411524, 
0.197263323535737, 0.189442643365374, 0.228774396635181, 0.29300993980399, 
0.204855054358351, 0.273663354923278, 0.16842583652228, 0.170628397971791, 
0.19910961489263, 0.213404784122946, 0.230391926900518, 0.150880120392084, 
0.198298459867794, 0.247659166518981, 0.213371000213052, 0.211162095610567, 
0.278882451748015, 0.224951150867396, 0.230768946440146, 0.154897473277518, 
0.205207560928184, 0.237579282136546, 0.212575471348257, 0.218467657105051, 
0.222964840677956, 0.230858517147856, 0.230984696019307, 0.213308765450642, 
0.251702131368996, 0.238301292970809, 0.197832266346085, 0.230585048530438, 
0.269643748908456, 0.177029690066299, 0.235175669632778, 0.227143309935581, 
0.207033201893557, 0.226216513490531, 0.223079143307653, 0.223890949470128, 
0.225297570652868, 0.184411436478514, 0.219518366208493, 0.210179949515442, 
0.213790498676709, 0.208541451712841, 0.175338215896146, 0.225179557768614, 
0.280843991729801, 0.241099177043982, 0.25850238224101, 0.183869058898977, 
0.196502104144792, 0.240556276024797, 0.176680363784338, 0.180936298472494, 
0.221411626982958, 0.226599248493949, 0.215842288743114, 0.190048820179924, 
0.244970518775115, 0.209816074625775, 0.172037642225753, 0.197948946026781, 
0.293118486904197, 0.203341680269632, 0.220606322514339, 0.226411588212074, 
0.311776857441728, 0.219468585414447, 0.198669892252555, 0.195191939045883, 
0.216744133155518, 0.176025246514165, 0.204861748608648, 0.257780523563185, 
0.251314642070238, 0.239278362291053, 0.259884907818591, 0.225396985209664, 
0.22138819028734, 0.242044984989386, 0.22075677176439, 0.226942080794862, 
0.199865568374068, 0.214138489602209, 0.212880991126257, 0.208759550427198, 
0.209836709144415, 0.299980751238727, 0.168955144188975, 0.178120270865109, 
0.212703625295286, NA, NA, NA, NA, NA, NA, NA, NA, NA, NA, NA, 
NA, NA, NA, NA, NA, NA, NA, NA, NA, NA, NA, NA, NA, NA, NA, NA, 
NA, NA, NA, NA, NA, NA, NA, NA, NA, NA, NA, NA, NA, NA, NA, NA, 
NA, NA, NA, NA, NA, NA, NA, NA, NA, NA, NA, NA, NA, NA, NA, NA, 
NA, NA, NA, NA, NA, NA, NA, NA, NA, NA, NA, NA, NA, NA, NA, NA, 
NA, NA, NA, NA, NA, NA, NA, NA, NA, NA, NA, NA, NA, NA, NA, NA, 
NA, NA, NA, NA, NA, NA, NA, NA, NA, NA, NA, NA, NA, NA, NA, NA, 
NA, NA, NA, NA, NA, NA, NA, NA, NA, NA, NA, NA, NA, NA, NA, NA, 
NA, NA, NA, NA, NA, NA, NA, NA, NA, NA, NA, NA, NA, NA, NA, NA, 
NA, NA, NA, NA, NA, NA, NA, NA, NA, NA, NA, NA, NA, NA, NA, NA, 
NA, NA, NA, NA, NA, NA, NA, NA, NA, NA, NA, NA, NA, NA, NA, NA, 
NA, NA, NA, NA, NA, NA, NA, NA, NA, NA, NA, NA, NA, NA, NA, NA, 
NA, NA, NA, NA, NA, NA, NA, NA, NA, NA, NA, NA, NA, NA, NA, NA, 
NA, NA, NA, NA, NA, NA, NA, NA, NA, NA, NA, NA, NA, NA, NA, NA, 
NA, NA, NA, NA, NA, NA, NA, NA, NA, NA, NA, NA, NA, NA, NA, NA, 
NA, NA, NA, NA, NA, NA, NA, NA, NA, NA, NA, NA, NA, NA, NA, NA, 
NA, NA, NA, NA, NA, NA, NA, NA, NA, NA, NA, NA, NA, NA, NA, NA, 
NA, NA, NA, NA, NA, NA, NA, NA, NA, NA, NA, NA, NA, NA, NA, NA, 
NA, NA, NA, NA, NA, NA, NA, NA, NA, NA, NA, NA, NA, NA, NA, NA, 
NA, NA, NA, NA, NA, NA, NA, NA, NA, NA, NA, NA, NA, NA, NA, NA, 
NA, NA, NA, NA, NA, NA, NA, NA, NA, NA, NA, NA, NA, NA, NA, NA, 
NA, NA, NA, NA, NA, NA, NA, NA, NA, NA, NA, NA, NA, NA, NA, NA, 
NA, NA, NA, NA, NA, NA, NA, NA, NA, NA, NA, NA, NA, NA, NA, NA, 
NA, NA, NA, NA, NA, NA, NA, NA, NA, NA, NA, NA, NA, NA, NA, NA, 
NA, NA, NA, NA, NA, NA, NA, NA, NA, NA, NA, NA, NA, NA, NA, NA, 
NA, NA, NA, NA, NA, NA, NA, NA, NA, NA, NA, NA, NA, NA, NA, NA, 
NA, NA, NA, NA, NA, NA, NA, NA, NA, NA, NA, NA, NA, NA, NA, NA, 
NA, NA, NA, NA, NA, NA, NA, NA, NA, NA, NA, NA, NA, NA, NA, NA, 
NA, NA, NA, NA, NA, NA, NA, NA, NA, NA, NA, NA, NA, NA, NA, NA, 
NA, NA, NA, NA, NA, NA, NA, NA, NA, NA, NA, NA, NA, NA, NA, NA, 
NA, NA, NA, NA, NA, NA, NA, NA, NA, NA, NA, NA, NA, NA, NA, NA, 
NA, NA, NA, NA, NA, NA, NA, NA, NA, 0.274939613692718, 0.282500329476985, 
0.261297510732179, 0.175084766008041, 0.199434117298182, 0.225825167862638, 
0.252596509056344, 0.22463978366598, 0.294889571044017, 0.211320282284609, 
0.273258935065124, 0.306539282996562, 0.183542156123132, 0.275570075240892, 
0.262979728718751, 0.244050439938935, 0.34652738953703, 0.234643285678671, 
0.204032672143222, 0.381767644689606, 0.163459188904077, 0.271387137022615, 
0.186279282547353, 0.0791597982350682, 0.253771515818096, 0.231102732487202, 
0.237480685714605, 0.161704525766534, 0.274567894790274, 0.250245354765993, 
0.253891915207748, 0.172305328337589, 0.293162300864544, 0.290240359483305, 
0.339438346837968, NA, 0.240371518012436, 0.373481519754996, 
0.250942692648909, 0.247943026690076, 0.102661404705668, 0.272587045399299, 
0.335714353931679, 0.23501931200216, 0.228561300349889, 0.337275410001675, 
0.307546935891212, 0.268825871443274, 0.275602692484119, 0.277289978372624, 
0.253661475404067, NA, 0.30326588927939, 0.221760124768265, 0.252272429305092, 
0.25647520884958, 0.245747658285405, 0.362009667551772, 0.263567895381213, 
0.250350844489706, 0.244238643309197, 0.236386273176155, 0.263179512819029, 
0.228587400117141, 0.235414122006229, 0.318729814460378, 0.216461542230921, 
0.254799883037671, 0.214663921830444, 0.182649936976179, 0.199264892917796, 
0.296125907340959, 0.252465155114755, 0.336569622903672, 0.232414580412575, 
NA, 0.258932337118641, 0.229046383963727, 0.27924832523982, 0.199472112670868, 
0.243920682938896, 0.325171245914495, 0.297901991918533, 0.204575683986252, 
0.242802583029419, 0.277875944585021, 0.106353123115176, 0.264008022718962, 
0.217843028469635, 0.321019595434765, 0.230943773067589, 0.250587455642685, 
0.260251203393334, 0.230770654775258, 0.238511365209596, 0.2529156704984, 
0.193032525933028, 0.120236390622849, 0.287732344907113, 0.209742351320341, 
0.270407193206596, 0.263244782609378, 0.248911091660571, 0.316097275415357, 
0.203917965970851, 0.259587754320899, 0.187534235625268, 0.240144175528089, 
0.350254772568506, 0.269994414892283, NA, NA, 0.245674680507508, 
0.226149069001826, 0.299816010311863, 0.250981527612693, 0.322139886504051, 
0.231755141414773, 0.306993558514397, 0.223576167302939, 0.202472512532824, 
0.298283599357471, 0.258137384295409, 0.267036096100961, 0.222332063142897, 
0.275986776288864, 0.201811123011025, 0.297085279698111, 0.253078775615438, 
0.240927015537718, 0.215509645103354, 0.177800266563529, 0.270524387279224, 
0.199028621871385, 0.222466035186841, 0.23075293180054, 0.259674915811938, 
0.282440726112812, 0.190745157506691, 0.261060649035361, 0.331939845888894, 
0.275510124378523, 0.250497115557835, 0.263488983226135, 0.159652357287346, 
0.336696525907178, 0.190850086426152, 0.18962797497514, 0.192110069384418, 
0.283049833676337, 0.126284436367655, 0.281050916143068, 0.237011798297937, 
0.246118732057591, 0.284426579106187, 0.241366424241067, 0.151786301600974, 
0.279587740916698, 0.254934152487487, 0.304482535212544, 0.174729496983199, 
0.21035659750585, 0.228248502982267, 0.258366567758724, 0.30063775949699, 
0.253079304238786, 0.169235090075846, 0.243629195775586, 0.273490674566327, 
0.251971872746657, 0.3446095892316, 0.272549641921363, 0.289688277263922, 
0.236159508439185, 0.620251080737172, 0.202433273471343, 0.485319776821134, 
0.22141649780211, 0.223720480700155, 0.350777813253323, 0.246173204492355, 
0.271319520092103, 0.158802447296899, 0.261588444397296, 0.13349830935346, 
0.254279664559339, 0.229323430314012, 0.288549880593739, 0.226634882848655, 
0.294297344864823, 0.276651349801939, 0.324772131488267, 0.259266257550252, 
0.298585515111262, 0.266667633362651, 0.32108770282852, 0.274889144076985, 
0.205260095658733, 0.166281913041079, 0.190385350537516, 0.273733930874899, 
0.0878421379770455, 0.305288160187695, 0.31609831478161, 0.232001823989488, 
0.228168006675962, 0.194894141184297, 0.212239060656501, 0.308752645068711, 
0.23129906557937, 0.223355497608572, 0.253224123226912, 0.270549642703963, 
0.28270374805546, 0.305977393481972, 0.253200643879747, 0.216213788171518, 
0.305175549092571, 0.121329310329611, 0.281092656198868, 0.388948037158126, 
0.236169539999466, 0.247841578996985, 0.200066111362715, 0.241516846946719, 
0.306208863290567, 0.223596020268025, 0.340822618757921, 0.253616518142683, 
0.164418218834091, 0.212298011417006, 0.201944820709582, 0.213540496735346, 
0.219216650714336, 0.234328987896567, 0.191181980109263, 0.285465275890218, 
0.233414194922821, 0.304935119260412, 0.264098294719743, 0.234457806075803, 
0.271590557523703, 0.261279911123685, 0.255792499060776, 0.203817963949416, 
0.31315805534617, 0.306928797533526, 0.113713668976001, NA, NA, 
0.268152613043954, 0.265826227921889, 0.291116141129074, 0.277846694248186, 
0.233556725185454, 0.229259789335952, 0.208881824409555, 0.251011459763372, 
0.281563074568865, 0.306974882420182, 0.216013431116513, 0.234068015544883, 
0.217048614098183, 0.336119888587867, 0.257831922662629, 0.302648466451203, 
0.249771438468341, 0.267879107416732, 0.225705484207681, NA, 
NA, 0.120257598669133, 0.355043598361272, 0.369934041312727, 
0.277379579123907, 0.254928354442631, 0.237594942670808, 0.278327306310704, 
0.198674318874646, 0.235141688541821, 0.248648859768279, 0.246075926160089, 
0.182608392831312, 0.346240014831249, 0.267745700690937, 0.308162809284401, 
0.331192057493297, 0.256159263817641, 0.200438673074928, 0.225636289413009, 
0.248395597241492, 0.235908446332873, 0.277213727648036, 0.233519749301947, 
0.290214708957232, 0.241802849622508, 0.256637617877957, 0.274400512195465, 
0.194063032065056, 0.280265550922552, 0.276334374082836, 0.350408299931392, 
0.297890077940754, 0.206014736695107, 0.324466389693961, 0.196115125663958, 
0.264660334356285, 0.296063340013287, 0.225212297368709, 0.282938073105009, 
0.160945891853358, 0.196820203442502, 0.266986017974933, 0.215637279458749, 
0.210927374909262, 0.331583326306667, 0.214078146773115, 0.340746556655177, 
0.265549588825274, 0.19031601471383, 0.313674156807159, 0.255776307281712, 
0.283265643210545, 0.257357753419735, 0.246903278907694, 0.240323643377322, 
0.216924224417911, 0.230229927216271, 0.221675528956239, 0.275507028058904, 
0.222671107329552, 0.251375213416076, 0.225554826090238, 0.252007135100344, 
0.24553745674535, 0.255406740656908, 0.185241145207836, 0.309941315054375, 
NA, NA, 0.215470776599935, 0.251517216269452, 0.22101052311235, 
0.219369333795174, 0.321667888177204, 0.320449444173067, 0.191393061860561, 
0.244096119632069, 0.245169337441615, 0.298092262203676, 0.231670554864699, 
0.298265896690271, 0.289558687158538, 0.253429562928467, 0.237180240959233, 
0.341724494990637, 0.205803533481465, 0.251751597168681, 0.220740483829576, 
0.285174183994816, 0.167762177192386, 0.29670667843679, 0.331333037280808, 
0.198472698348164, 0.235541808434842, 0.262792461954199, 0.288509616020637, 
0.282282417329013, 0.26683248645006, 0.268189389395464, 0.280002408812169, 
0.0823372281869439, 0.24725816239149, 0.156997328568389, 0.15306128577135, 
0.296963255848246, 0.252765375153189, 0.252913119367951, 0.221699137867824, 
0.291002645888622, 0.281256063021411, 0.267841142505197, 0.25192255322926, 
0.278239752699774, 0.240268741430006, 0.226838784617943, 0.490368807513888, 
0.204641590284222, 0.327509099655231, 0.415779079056667, 0.243513060156943, 
0.341766718747385, 0.266409261387705, 0.247252207390981, 0.251690426420897, 
0.14298487237117, 0.271863117840651, 0.285222043220778, 0.236225384929097, 
0.432264933017048, 0.250501110375108, 0.681014928746879, 0.204012460936591, 
0.245501948382616, 0.115234036948265, 0.268542674391344, 0.194328124544774, 
0.21270411689032, 0.218238902690458, 0.312481839725128, 0.251844139180098, 
0.349084186301083, 0.311555691066286, 0.0138751823613862, 0.286840487925538, 
0.272094321468247, 0.240434897961324, 0.289363291925893, 0.150197489087586, 
0.271492469580952, 0.253965548149448, 0.278497258727355, 0.271875174657345, 
0.277540910774651, 0.226945580579245, 0.212670033156521, 0.214507742217223, 
0.274354819751822, 0.226372251500215, 0.271704460441822, 0.266900489688944, 
0.240776727693224, 0.248459114285574, 0.22927901447251, 0.271750706779236, 
0.223459530070563, 0.275988177330245, 0.243435477431199, 0.431078644461067, 
0.288676493930768, 0.225463697532772, 0.289724611148763, 0.191421873348429, 
0.302967282863836, 0.224652435105622, 0.245423266906632, 0.21376660837214, 
0.286466349303147, 0.3110599280602, 0.26462809895021, 0.238905384862727, 
0.291505513653961, 0.213489739384761, 0.351212553433544, 0.246809622658715, 
0.259536085219077, 0.271572974527206, 0.281572851216628, 0.329026402822703, 
0.190625188876675, 0.247463568400735, 0.251650031448187, 0.188593650489639, 
0.235058982728985, 0.40408047872091, 0.321841669623129, 0.238823246532409, 
0.30584128974517, 0.23765385977593, 0.291028110142323, 0.246709875091482, 
0.342519321271775, 0.212168290576636, 0.305704020115024, 0.267662026085045, 
0.316222746392686, 0.255918814722424, 0.210856176730096, 0.257310306484875, 
0.225671472885076, 0.158831127452273, 0.249276385145426, 0.409070511028186, 
0.276895834843977, 0.26005487182857, 0.228581435907594, 0.352600762638025, 
0.218561279508169, 0.234295451103366, 0.338838459379595, 0.294935917108251, 
0.233476972324081, 0.222625983953174, 0.227149404158469, 0.291125417085667, 
0.213602584222233, 0.311665475120584, 0.370900993881609, 0.17569050987391, 
0.309752995421462, NA, NA, NA, NA, NA, NA, NA, NA, NA, NA, NA, 
NA, NA, NA, NA, NA, NA, NA, NA, NA, NA, NA, NA, NA, NA, NA, NA, 
NA, NA, NA, NA, NA, NA, NA, NA, NA, NA, NA, NA, NA, NA, NA, NA, 
NA, NA, NA, NA, NA, NA, NA, NA, NA, NA, NA, NA, NA, NA, NA, NA, 
NA, NA, NA, NA, NA, NA, NA, NA, NA, NA, NA, NA, NA, NA, NA, NA, 
NA, NA, NA, NA, NA, NA, NA, NA, NA, NA, NA, NA, NA, NA, NA, NA, 
NA, NA, NA, NA, NA, NA, NA, NA, NA, NA, NA, NA, NA, NA, NA, NA, 
NA, NA, NA, NA, NA, NA, NA, NA, NA, NA, NA, NA, NA, NA, NA, NA, 
NA, NA, NA, NA, NA, NA, NA, NA, NA, NA, NA, NA, NA, NA, NA, NA, 
NA, NA, NA, NA, NA, NA, NA, NA, NA, NA, NA, NA, NA, NA, NA, NA, 
NA, NA, NA, NA, NA, NA, NA, NA, NA, NA, NA, NA, NA, NA, NA, NA, 
NA, NA, NA, NA, NA, NA, NA, NA, NA, NA, NA, NA, NA, NA, NA, NA, 
NA, NA, NA, NA, NA, NA, NA, NA, NA, NA, NA, NA, NA, NA, NA, NA, 
NA, NA, NA, NA, NA, NA, NA, NA, NA, NA, NA, NA, NA, NA, NA, NA, 
NA, NA, NA, NA, NA, NA, NA, NA, NA, NA, NA, NA, NA, NA, NA, NA, 
NA, NA, NA, NA, NA, NA, NA, NA, NA, NA, NA, NA, NA, NA, NA, NA, 
NA, NA, NA, NA, NA, NA, NA, NA, NA, NA, NA, NA, NA, NA, NA, NA, 
NA, NA, NA, NA, NA, NA, NA, NA, NA, NA, NA, NA, NA, NA, NA, NA, 
NA, NA, NA, NA, NA, NA, NA, NA, NA, NA, NA, NA, NA, NA, NA, NA, 
NA, NA, NA, NA, NA, NA, NA, NA, NA, NA, NA, NA, NA, NA, NA, NA, 
NA, NA, NA, NA, NA, NA, NA, NA, NA, NA, NA, NA, NA, NA, NA, NA, 
NA, NA, NA, NA, NA, NA, NA, NA, NA, NA, NA, NA, NA, NA, NA, NA, 
NA, NA, NA, NA, NA, NA, NA, NA, NA, NA, NA, NA, NA, NA, NA, NA, 
NA, NA, NA, NA, NA, NA, NA, NA, NA, NA, NA, NA, NA, NA, NA, NA, 
NA, NA, NA, NA, NA, NA, NA, NA, NA, NA, NA, NA, NA, NA, NA, NA, 
NA, NA, NA, NA, NA, NA, NA, NA, NA, NA, NA, NA, NA, NA, NA, NA, 
NA, NA, NA, NA, NA, NA, NA, NA, NA, NA, NA, NA, NA, NA, NA, NA, 
NA, NA, NA, NA, NA, NA, NA, NA, NA, NA, NA, NA, NA, NA, NA, NA, 
NA, NA, NA, NA, NA, NA, NA, NA, NA, NA, NA, NA, NA, NA, NA, NA, 
NA, NA, NA, NA, NA, NA, NA, NA, NA, NA, NA, NA, NA, NA, NA, NA, 
NA, NA, NA, NA, NA, NA, NA, NA, NA, NA, NA, NA, NA, NA, NA, NA, 
NA, NA, NA, NA, NA, NA, NA, NA, NA, 0.334998140203845, 1.54381974190872, 
1.19641896389616, 1.19646167341263, 1.06826031782394, 1.40831081721344, 
0.980811053159983, 1.46119681747724, 1.74513983980378, 1.0603511301759, 
0.936072872251078, 1.13993615426158, 1.15654518194843, 1.03927041958798, 
1.0112030710031, 1.07256802011815, 1.03873453225126, 0.966286489473264, 
1.47634940423776, 0.999126962087511, 1.442881866604, 1.39820651187613, 
1.43279581400415, 1.54773470948647, 1.06574975465563, 1.1006766062825, 
1.01642865315142, 1.89029823390654, 1.20123046879309, 1.2227170731883, 
1.06933059605609, 1.45033186301695, 0.752214757971937, 1.25271989960897, 
1.14507428115722, NA, 1.38476435808309, 1.18598648460231, 1.64668681073926, 
1.12776294405408, 1.30988536065746, 1.2836617496865, 1.20758530874354, 
1.20115762976326, 1.53320148306594, 1.59430427148902, 0.99452652271854, 
1.18303992879467, 1.10870033361672, 1.48495784702432, 1.68703105445263, 
NA, 1.16663534724302, 1.06005878781784, 1.21182810269535, 1.27398332032216, 
1.12317888807753, 1.25189405617628, 0.727936779338298, 1.44949233097731, 
1.17451856172522, 1.50518339084711, 1.35149638762227, 1.25464664084064, 
1.18832006351344, 1.20630231253583, 0.937889271117864, 1.36387636032672, 
1.10610217358043, 1.02974632550082, 0.929434449366036, 1.38262799243812, 
1.36177779988561, 1.41296157439286, 0.871207241463647, NA, 1.43341032468102, 
1.04408949424369, 0.836012875229069, 1.06301748191234, 1.90759744427312, 
1.32190942976029, 1.22649561652955, 0.978035286340466, 1.2543472013416, 
1.20631650331207, 1.62280023360995, 1.25746326412559, 1.57331527001627, 
1.09050177623972, 1.10989361426771, 0.951419186255447, 1.16978850548612, 
1.24651479498318, 1.00292037224327, 1.3326717349299, 1.6204090259105, 
1.83117059963648, 0.976481248039559, 1.05731186047713, 1.04715656584082, 
0.998363933308567, 0.960560092453498, 1.28009611864716, 0.766565489471702, 
1.55874686749514, 1.56216722460036, 1.32956139469506, 1.28212792581743, 
0.850032905797655, NA, NA, 1.19545500236188, 1.52849558844079, 
1.15686662534072, 0.990092161942501, 1.53459274226674, 1.19564788383881, 
1.24767785037538, 1.36459672575649, 1.14649819160484, 0.931477497334489, 
1.08464721348347, 1.0026137732169, 1.16920660992686, 1.52539575475772, 
1.40402919413503, 1.23346267457746, 0.984339413249038, 0.987307045475786, 
1.24883707233632, 0.932794311548107, 1.20653859781467, 0.997337713557744, 
0.949372843212722, 0.824264229994029, 0.848045751765457, 1.23601711221649, 
1.47432574672377, 1.58193083850676, 1.68244644243766, 1.02439066281468, 
1.51580831408476, 0.961583304125549, 1.18544317698345, 1.29213734555394, 
1.71911015853997, 1.16430178528683, 1.32272267309483, 0.803223665519167, 
1.3687941281834, 0.928979797894985, 1.18886468306301, 1.01011004886803, 
0.884256388456203, 1.30321225149696, 1.50859537624802, 1.52392703320321, 
1.18729779994085, 1.10177674358998, 1.23402615916961, 1.15110288641973, 
1.03862899251954, 1.15114621815632, 1.18908820492619, 1.29168348834011, 
1.64419192399405, 1.13165792504157, 1.28953621105923, 1.24100138081358, 
1.14581899308034, 0.820797941798243, 1.28274082602538, 1.290729756299, 
1.44920927944783, 1.36342955131674, 1.61082027649905, 1.1340147989279, 
0.989028664416206, 1.36522817134718, 1.2501278165613, 1.17871267763849, 
0.935870062728234, 1.1076579353147, 1.87815526412011, 1.33381370540036, 
0.832900450009073, 1.26335358947016, 0.954424191193674, 1.29969078313491, 
1.36694164525539, 0.912400345288306, 1.24745740506062, 1.12776917796024, 
1.30397413653361, 1.2162941947636, 1.15174355347309, 1.30621330427502, 
1.98745453209466, 1.38993852936257, 1.56118166473989, 1.68038136494316, 
1.39353197439223, 0.951451320256211, 0.944578164548321, 1.1281759070859, 
1.24351157133399, 1.3697241029179, 1.29466649163427, 1.53264243062079, 
1.18932311821076, 1.05149675888517, 1.14812309597514, 1.30291062825169, 
1.45580610996267, 1.13079341095294, 1.19819909450216, 1.17013958291343, 
1.03369355760031, 1.24579093430417, 1.93610557725144, 0.984466075698574, 
1.06043450292801, 1.43913487931006, 1.26215566716418, 1.22834291152299, 
1.16293094381242, 1.43669445357646, 1.31185125361075, 1.34017431543993, 
0.927111414467969, 1.13688138572919, 1.06877017648216, 0.939914275029835, 
1.01349450570509, 1.63575559956873, 1.25860528813938, 1.33838962719272, 
0.973781317641815, 1.02950519377082, 1.36576664400868, 1.76792739148279, 
1.78579442709981, 0.953560942207104, 1.01681975510417, 1.05998988143257, 
1.51162224970914, 1.44673822831078, NA, NA, 1.14412200269775, 
1.18821311012849, 1.12157763939911, 0.862471881565354, 0.831286429520813, 
1.17294012078325, 0.889653729042176, 1.22383944357141, 1.24178214604357, 
1.65475965509531, 1.00796626432027, 1.2807848192296, 1.33542647888759, 
1.19598370849353, 1.29507519081255, 1.4833794148602, 1.55578953347597, 
1.05825003227482, 1.7825165060528, NA, NA, 1.39776710462515, 
1.23331216125459, 1.80738539030035, 0.977515961673778, 1.22069085074733, 
0.977388649070058, 1.03405231728012, 1.39090893468316, 1.40324261774919, 
1.26020629539901, 1.19791091527346, 1.92636486639484, 1.02258185986032, 
1.44198438978019, 1.4154265047103, 1.36253319360529, 1.07559349650868, 
0.902315897245434, 0.794462838255648, 0.945817561364159, 1.33568534534655, 
1.37550660848409, 0.944031207494982, 1.31106806279321, 1.22805957019342, 
1.0757642699028, 1.43345372948719, 0.932128350893714, 1.05409061830588, 
1.12843400389512, 1.87208436909545, 1.21561823496542, 0.89982494916226, 
1.43057691691748, 1.05203341651867, 1.47496208561066, 1.39131687508395, 
0.869211474151687, 2.09679659316161, 1.18996860523654, 1.04045950494388, 
1.50149905875922, 1.2687484742161, 1.75810651747818, 1.17873215193161, 
1.13121557594714, 1.11946962443708, 1.02706503889619, 1.28249547041086, 
1.39052765931753, 1.40024807233279, 1.18357459986958, 1.18000423351835, 
0.975291152782399, 1.3947517307804, 1.41362058179572, 1.46455918282918, 
0.922828192465471, 1.22843294304502, 1.38468386457865, 1.31405877569014, 
1.20539984776388, 1.17937739701014, 1.24587416163164, 1.06222407150153, 
1.09517416373069, 1.59348514055802, NA, NA, 1.10571377048132, 
1.25420932083417, 1.10310330969787, 0.997977707519617, 1.22209279547973, 
0.986059293356668, 1.20435972467704, 1.14919861344428, 1.12218218258151, 
1.33837367471418, 1.73063746341129, 0.86150260880169, 1.33731593978906, 
1.64211482905266, 1.14508796901875, 1.08900633867711, 1.33279737877019, 
1.17367516528075, 0.990327411815993, 0.998702213320798, 1.24643357318616, 
1.18636227122692, 1.24862039785852, 1.11701506780045, 1.19227069145124, 
1.47975727743689, 1.23469781317489, 1.36985305440665, 1.31081850185106, 
1.09978295156418, 1.11972662320412, 1.51582507992851, 1.09879101569913, 
1.37721645203338, 1.53338782366471, 0.997404982272923, 0.703102881311736, 
1.19620124480498, 1.12098718323969, 1.2146813798758, 1.33822131287411, 
1.23710698717922, 1.21586232419618, 1.16844508631909, 1.34870946158315, 
1.02197946891253, 1.67447709693549, 1.33412037471044, 1.11510117695574, 
1.35655158678686, 1.00275828097888, 1.27403721324407, 1.23099535908704, 
0.952106377299473, 1.27958897046786, 1.03489023092994, 1.22668705020863, 
1.29001180028323, 1.16725166791122, 1.66548795365125, 0.873462742469141, 
2.00141448279464, 1.48734669001806, 1.16039349582384, 1.29840519931558, 
0.924838029413048, 1.14104704680234, 1.32189820642228, 1.17537992121961, 
1.3602145626195, 1.11183018953902, 1.02799111293242, 1.07372973466242, 
1.54270103487174, 1.58127605701619, 1.12491441875142, 0.944602930169606, 
1.33640523417901, 1.91820534545729, 2.01849500617198, 1.3980061860894, 
1.34060407345489, 1.33172547318681, 1.2547657581761, 0.931016923126516, 
1.15028280158021, 1.14897400485199, 1.29668558325295, 1.25794723184881, 
1.34969825604809, 1.36748990476125, 1.35994773628644, 1.13056741507558, 
1.20837022786428, 1.43081357478382, 1.20715602040822, 1.03074297345793, 
1.2995605409605, 1.39847192046748, 1.53561092837725, 1.1199222238263, 
1.32777328149542, 1.23558445296059, 1.52044913638541, 1.16924253505661, 
0.892832273359655, 1.04095081130054, 1.16827085825145, 1.15401451783121, 
1.1013338441739, 0.977792959704694, 1.01592968429033, 1.11335773830719, 
1.50503134038168, 1.25754620847435, 1.38592389899681, 1.46790386396193, 
0.870058993252628, 1.08333454865315, 1.20334665087315, 1.25554330158488, 
1.08004919701845, 1.05812060768216, 1.00619981256032, 1.12548891369949, 
1.14358920731541, 1.17764081099605, 1.26768090622287, 0.953078951756137, 
1.72170023611875, 1.28455266331233, 1.03638664064396, 1.1145779883063, 
1.5152882386711, 0.772319013318953, 0.996511032337447, 1.2898922047749, 
0.98907376258735, 1.22048119789045, 1.05153097249526, 1.69632540215685, 
1.32800015443464, 1.27605618297783, 1.15948718868826, 1.1197967681679, 
1.01222596818883, 1.26095889558478, 0.997629343680927, 1.19477292499029, 
1.32531337273331, 1.1863826494372, 1.10425556484343, 1.33001158676776, 
1.00646516650637, 1.11210725237166, 1.05450949837507, 0.971089924759722, 
1.74629790493663, 1.04993331808668, 1.20097025523917, NA, NA, 
NA, NA, NA, NA, NA, NA, NA, NA, NA, NA, NA, NA, NA, NA, NA, NA, 
NA, NA, NA, NA, NA, NA, NA, NA, NA, NA, NA, NA, NA, NA, NA, NA, 
NA, NA, NA, NA, NA, NA, NA, NA, NA, NA, NA, NA, NA, NA, NA, NA, 
NA, NA, NA, NA, NA, NA, NA, NA, NA, NA, NA, NA, NA, NA, NA, NA, 
NA, NA, NA, NA, NA, NA, NA, NA, NA, NA, NA, NA, NA, NA, NA, NA, 
NA, NA, NA, NA, NA, NA, NA, NA, NA, NA, NA, NA, NA, NA, NA, NA, 
NA, NA, NA, NA, NA, NA, NA, NA, NA, NA, NA, NA, NA, NA, NA, NA, 
NA, NA, NA, NA, NA, NA, NA, NA, NA, NA, NA, NA, NA, NA, NA, NA, 
NA, NA, NA, NA, NA, NA, NA, NA, NA, NA, NA, NA, NA, NA, NA, NA, 
NA, NA, NA, NA, NA, NA, NA, NA, NA, NA, NA, NA, NA, NA, NA, NA, 
NA, NA, NA, NA, NA, NA, NA, NA, NA, NA, NA, NA, NA, NA, NA, NA, 
NA, NA, NA, NA, NA, NA, NA, NA, NA, NA, NA, NA, NA, NA, NA, NA, 
NA, NA, NA, NA, NA, NA, NA, NA, NA, NA, NA, NA, NA, NA, NA, NA, 
NA, NA, NA, NA, NA, NA, NA, NA, NA, NA, NA, NA, NA, NA, NA, NA, 
NA, NA, NA, NA, NA, NA, NA, NA, NA, NA, NA, NA, NA, NA, NA, NA, 
NA, NA, NA, NA, NA, NA, NA, NA, NA, NA, NA, NA, NA, NA, NA, NA, 
NA, NA, NA, NA, NA, NA, NA, NA, NA, NA, NA, NA, NA, NA, NA, NA, 
NA, NA, NA, NA, NA, NA, NA, NA, NA, NA, NA, NA, NA, NA, NA, NA, 
NA, NA, NA, NA, NA, NA, NA, NA, NA, NA, NA, NA, NA, NA, NA, NA, 
NA, NA, NA, NA, NA, NA, NA, NA, NA, NA, NA, NA, NA, NA, NA, NA, 
NA, NA, NA, NA, NA, NA, NA, NA, NA, NA, NA, NA, NA, NA, NA, NA, 
NA, NA, NA, NA, NA, NA, NA, NA, NA, NA, NA, NA, NA, NA, NA, NA, 
NA, NA, NA, NA, NA, NA, NA, NA, NA, NA, NA, NA, NA, NA, NA, NA, 
NA, NA, NA, NA, NA, NA, NA, NA, NA, NA, NA, NA, NA, NA, NA, NA, 
NA, NA, NA, NA, NA, NA, NA, NA, NA, NA, NA, NA, NA, NA, NA, NA, 
NA, NA, NA, NA, NA, NA, NA, NA, NA, NA, NA, NA, NA, NA, NA, NA, 
NA, NA, NA, NA, NA, NA, NA, NA, NA, NA, NA, NA, NA, NA, NA, NA, 
NA, NA, NA, NA, NA, NA, NA, NA, NA, NA, NA, NA, NA, NA, NA, NA, 
NA, NA, NA, NA, NA, NA, NA, NA, NA, NA, NA, NA, NA, NA, NA, NA, 
NA, NA, NA, NA, NA, NA, NA, NA, NA, NA, NA, NA, NA, NA, NA, NA, 
NA, NA, NA, NA, NA, NA, NA, NA, NA, NA, NA, NA, NA, NA, NA, NA, 
NA, NA, 1.14507428115722, 1.12703056907602, 0.890686771084947, 
0.680264407587149, 0.772207247794042, 0.936723475548203, 0.823900019146363, 
0.882778363450921, 0.756853896545729, 1.0704997871157, 0.66191314249661, 
0.705266892761722, 1.00813158070802, 0.940544406497927, 0.942819408799195, 
0.647652228293362, 0.559539375797894, 0.755932828626323, 0.965055892962804, 
0.747191120110772, 0.910634056094564, 1.02257253450651, 0.901946176486973, 
0.576151845515959, 0.953593196084339, 0.836417467702505, 0.966957691040475, 
0.814985042958784, 0.692636895784552, 0.887383077492234, 0.948008429847657, 
0.351574525793375, 0.573694327040606, 0.723106722153496, 0.928890428024784, 
NA, 0.975209620040899, 0.650364829629348, 0.815791594339831, 
0.940849908550713, 0.799770519573525, 0.592060308446246, 1.0421236237339, 
0.749057995538325, 1.16020103298074, 1.05577708564642, 0.874570887394181, 
0.828520643423587, 0.806169034384381, 1.0046834644512, 0.608439756286118, 
NA, 0.748166317110595, 0.636577002540407, 1.31598153529105, 0.696153565591668, 
0.869699818206172, 0.764617259628223, 0.68161303748701, 0.573387553405578, 
0.614073557821985, 0.967165674795145, 0.880282954552011, 0.964084824947862, 
0.986283847723451, 1.22523739768635, 0.895119359356913, 0.979446747557328, 
1.14186106039028, 0.8290086312957, 0.877604450263466, 0.680235513641127, 
1.21362604782328, 1.20977333491187, 0.699500507452726, NA, 0.850010726722483, 
1.02226488250291, 0.808130499127853, 0.600311320051248, 1.14217804397744, 
1.19639292829125, 0.821829720794177, 0.766646995019411, 0.878558500825293, 
1.14706295003197, 0.843517228038825, 0.834824133118767, 1.1962941328902, 
0.648091138420181, 0.694555776024981, 0.739803189660835, 0.946292580428609, 
0.958593526312498, 0.888616686719235, 0.993924808422462, 0.943203583469436, 
1.18580943557031, 0.831159365474836, 0.802221570473924, 1.01627678857844, 
0.878250874215609, 0.958927599831267, 0.658653560728678, 0.693015933487604, 
0.66085774352555, 0.754534486197874, 0.676595664317776, 0.731375689051266, 
0.874104727530916, NA, NA, 0.911959773176576, 0.774498897166363, 
0.815690919271329, 0.511436733077042, 0.7698029030712, 1.20840348309926, 
0.608395687434453, 0.522035627523996, 1.01242641672809, 0.774848833960625, 
0.82296811851462, 0.814551378178335, 0.899102265184728, 0.673173558140441, 
0.889705755230122, 1.2039084347503, 0.56050491122821, 0.805511673890162, 
0.865241219620308, 0.856368255545016, 0.897350293097739, 0.793248313601666, 
0.954350196234646, 0.630604538390537, 0.823146239994367, 0.881460254157084, 
1.2421555474334, 1.12334433366859, 0.85400157703367, 0.640887723478729, 
0.743470541918038, 0.83721073814158, 0.918480383924112, 0.8050661517657, 
1.14088519879743, 1.08837863982449, 1.03247609804305, 0.803223665519167, 
0.96132389073634, 0.756209644511336, 0.759716547891477, 0.777180221059977, 
0.512258364938139, 1.05697484005202, 1.02400070267984, 0.728349173839122, 
1.14168615138884, 0.866882316549334, 1.08949289230497, 0.904691766966807, 
0.990721272816681, 0.968899138622608, 0.91694160657968, 1.13276887795639, 
0.658963480128144, 0.739123647655024, 1.08347328965579, 0.909965726697553, 
1.05674102190933, 0.642053071488613, 0.871964599154051, 0.851980538006944, 
0.743243369290295, 1.14948117985344, 0.564402166050496, 0.77207869071731, 
0.776954618013625, 1.00894570542492, 0.799991808177546, 0.787832063785638, 
0.681470200598935, 0.693518256811515, 0.87228898473759, 1.01719894307067, 
0.725858645868154, 0.845320618131261, 0.575473509186768, 0.845397609317544, 
1.05231177900431, 0.688878802126487, 0.980601726523667, 0.896186778157351, 
0.688088222406075, 0.871016023934349, 0.861935608315943, 0.829419061455609, 
0.649288156161732, 0.975839211882018, 0.949489446635757, 0.515269623000586, 
0.787865322458949, 0.889581557053194, 0.77403141369199, 0.884995299339604, 
1.03687578346935, 0.726572393568244, 0.916407371444833, 0.938929922463743, 
0.865318055241979, 0.80515771932629, 0.801000621605941, 0.930508442131688, 
0.481167400660993, 0.856052231953198, 1.12139755345558, 0.79094947446627, 
0.822922792004637, 0.857607846127116, 0.492503946565726, 0.862076594438974, 
0.788292109867001, 0.975628341757078, 0.909506848238481, 0.90631896873325, 
0.990666470690226, 0.976495600877197, 1.0941160824013, 1.19714149642458, 
0.709338055793031, 0.625436185057187, 0.938849599969554, 0.838358547999529, 
0.706685308039235, 0.897518535232011, 0.862142161347397, 0.742416267031367, 
0.768928176334236, 0.869649875765676, 0.822534026856207, 0.74243065791325, 
1.02780400724435, 0.697957608226605, 0.990591633878638, 0.761704813828191, 
1.1815516197817, 0.663071515362987, NA, NA, 1.17602954372495, 
0.786701271751585, 0.731988804631685, 0.838974141607, 0.637874812269484, 
0.986241992693577, 0.69656622318131, 1.04437771595998, 0.833664003212893, 
0.926106269103095, 0.980010489615335, 1.02352617316533, 1.11470406546182, 
0.983942480114926, 0.860302080551047, 1.06530094037724, 0.963035351911287, 
0.925218030870942, 0.935895049633044, NA, NA, 0.736826170036722, 
1.02713506506005, 0.867965544535834, 0.634667936939789, 1.00867633198679, 
0.745817008777943, 0.763588083477978, 0.7544865700342, 1.00186893750648, 
0.836323597938677, 1.12237114565639, 1.22360405022953, 0.860712993725391, 
0.932989710543482, 0.867063322831651, 1.13106537197634, 0.771560056325086, 
0.805831359509114, 0.809678657396154, 0.79776199053831, 0.781391478186601, 
0.932645461113478, 0.787910901140772, 1.25944535754853, 1.16407521411995, 
0.840824615554641, 1.08524564789783, 0.961515834607861, 0.630192395606547, 
0.70036803496966, 0.661249362002971, 0.967987748508583, 0.816161509778495, 
1.08196642150349, 0.905314048960439, 1.09653892078533, 0.518918460000219, 
0.822990487632194, 1.03007876320672, 0.700981175794287, 0.924975102821964, 
0.73348204030297, 1.03800962238841, 0.696310283279963, 1.06802031853125, 
0.755523305408531, 1.12284070416628, 0.620732094712106, 1.02158589305849, 
0.836838488940614, 0.83306519690739, 0.911882619510893, 1.14503080596877, 
0.820167450786107, 1.00656084839811, 1.02613033884555, 0.824479298200544, 
0.661540032601868, 0.849948577592675, 0.543166496795479, 1.23691851802274, 
0.702974786027211, 0.922638724005405, 0.868711606891909, 0.818734666436197, 
1.12406000728622, 0.679543207092648, NA, NA, 0.938115886596825, 
0.844168998681252, 1.11574845875112, 0.993005643226921, 0.581197139695547, 
0.607153292687211, 0.745158220458156, 0.701909715972013, 0.715817546787034, 
0.685043267453391, 0.982556853870064, 0.63345441126488, 0.739695064177253, 
0.963706071586726, 0.970949036669939, 0.833303502876212, 0.66046357366394, 
1.06108716555035, 0.886075818941948, 0.593018819985964, 0.87364630574662, 
0.817242421860306, 0.951231546076841, 0.949473404536106, 1.07578039280088, 
0.63746233682162, 1.06041038574578, 0.813636853337743, 0.793772805322574, 
0.600014935749767, 0.982722956907834, 0.868711568310422, 1.06803478816913, 
0.767435010617591, 0.812814308889987, 0.950548011248876, 0.535516120414275, 
0.88478955771724, 0.872690618507968, 1.18994729205625, 1.14321518086187, 
0.9413662523895, 0.954217848450521, 0.734904581319984, 0.879014115857558, 
0.78215531747034, 0.453742488190965, 0.786572902637655, 0.875369078491248, 
1.05860345132902, 0.626520770153659, 1.31617445468045, 0.88777752898742, 
0.90534277482797, 0.983374178244623, 0.834845866317192, 0.608404360669834, 
0.707195215981609, 0.96116503240144, 0.990989995775265, 0.499137719228257, 
0.286932096493949, 1.08283591596829, 0.805055899228362, 0.890531838359048, 
0.81699333948043, 0.568833263479428, 1.35321909841463, 0.663853054685229, 
1.10834053775552, 0.864749009696958, 0.801187124311939, 0.794861565360428, 
0.867905526539042, 0.680389452128476, 0.78914839575039, 0.816084554541273, 
0.812234027958895, 1.33891317607607, 0.704295916105564, 0.903444996582586, 
0.824789469613207, 0.903911640913608, 0.830856594926407, 0.844685287268983, 
1.15066880310635, 0.942872030802382, 0.987655608554555, 0.835033039224917, 
1.18523255479905, 1.03276617960892, 0.998156748291089, 0.986476702321224, 
0.98085271532539, 0.932176319667335, 0.86541527507806, 0.974382743042102, 
0.83299324410199, 0.98523578423562, 0.94287198299269, 0.870712907706421, 
0.803239918368194, 0.98433166088085, 1.37758880700577, 0.846973623742772, 
0.795062824091513, 0.952395225259049, 0.937355780933158, 0.786503730890485, 
0.968528192692132, 0.808579723681731, 0.997094440149181, 0.551080650562705, 
0.974827991499134, 0.988034238368679, 1.04747986208047, 0.971385139052295, 
0.512561078879241, 0.401528601175068, 0.866466134924113, 1.13137706972985, 
1.05308577832356, 0.534178773151537, 0.790183914479014, 0.53603149392748, 
0.983529561585548, 0.861732137675014, 0.800268543216793, 0.881100758608776, 
0.885282715258527, 0.889424090965086, 0.98466341534618, 0.856949024959489, 
0.9452598973814, 0.595185578707565, 0.850288878528685, 0.570525114070235, 
0.821502846399945, 1.20297321324775, 0.717948843788328, 1.05303988269601, 
0.954480486721167, 0.924636215461099, 1.06473333428984, 0.986654055174202, 
0.869168174645647, 0.763282337961029, 0.948748181607127, 0.948991772567889, 
1.01907438208236, 0.458666500592386, 0.653753447297503, 0.717616022183878, 
0.697043892848901, 0.758712433780047, 0.891255147985852, 0.926190786244058, 
1.25668140173944, 0.809235162081601, 0.8366598417148, NA, NA, 
NA, NA, NA, NA, NA, NA, NA, NA, NA, NA, NA, NA, NA, NA, NA, NA, 
NA, NA, NA, NA, NA, NA, NA, NA, NA, NA, NA, NA, NA, NA, NA, NA, 
NA, NA, NA, NA, NA, NA, NA, NA, NA, NA, NA, NA, NA, NA, NA, NA, 
NA, NA, NA, NA, NA, NA, NA, NA, NA, NA, NA, NA, NA, NA, NA, NA, 
NA, NA, NA, NA, NA, NA, NA, NA, NA, NA, NA, NA, NA, NA, NA, NA, 
NA, NA, NA, NA, NA, NA, NA, NA, NA, NA, NA, NA, NA, NA, NA, NA, 
NA, NA, NA, NA, NA, NA, NA, NA, NA, NA, NA, NA, NA, NA, NA, NA, 
NA, NA, NA, NA, NA, NA, NA, NA, NA, NA, NA, NA, NA, NA, NA, NA, 
NA, NA, NA, NA, NA, NA, NA, NA, NA, NA, NA, NA, NA, NA, NA, NA, 
NA, NA, NA, NA, NA, NA, NA, NA, NA, NA, NA, NA, NA, NA, NA, NA, 
NA, NA, NA, NA, NA, NA, NA, NA, NA, NA, NA, NA, NA, NA, NA, NA, 
NA, NA, NA, NA, NA, NA, NA, NA, NA, NA, NA, NA, NA, NA, NA, NA, 
NA, NA, NA, NA, NA, NA, NA, NA, NA, NA, NA, NA, NA, NA, NA, NA, 
NA, NA, NA, NA, NA, NA, NA, NA, NA, NA, NA, NA, NA, NA, NA, NA, 
NA, NA, NA, NA, NA, NA, NA, NA, NA, NA, NA, NA, NA, NA, NA, NA, 
NA, NA, NA, NA, NA, NA, NA, NA, NA, NA, NA, NA, NA, NA, NA, NA, 
NA, NA, NA, NA, NA, NA, NA, NA, NA, NA, NA, NA, NA, NA, NA, NA, 
NA, NA, NA, NA, NA, NA, NA, NA, NA, NA, NA, NA, NA, NA, NA, NA, 
NA, NA, NA, NA, NA, NA, NA, NA, NA, NA, NA, NA, NA, NA, NA, NA, 
NA, NA, NA, NA, NA, NA, NA, NA, NA, NA, NA, NA, NA, NA, NA, NA, 
NA, NA, NA, NA, NA, NA, NA, NA, NA, NA, NA, NA, NA, NA, NA, NA, 
NA, NA, NA, NA, NA, NA, NA, NA, NA, NA, NA, NA, NA, NA, NA, NA, 
NA, NA, NA, NA, NA, NA, NA, NA, NA, NA, NA, NA, NA, NA, NA, NA, 
NA, NA, NA, NA, NA, NA, NA, NA, NA, NA, NA, NA, NA, NA, NA, NA, 
NA, NA, NA, NA, NA, NA, NA, NA, NA, NA, NA, NA, NA, NA, NA, NA, 
NA, NA, NA, NA, NA, NA, NA, NA, NA, NA, NA, NA, NA, NA, NA, NA, 
NA, NA, NA, NA, NA, NA, NA, NA, NA, NA, NA, NA, NA, NA, NA, NA, 
NA, NA, NA, NA, NA, NA, NA, NA, NA, NA, NA, NA, NA, NA, NA, NA, 
NA, NA, NA, NA, NA, NA, NA, NA, NA, NA, NA, NA, NA, NA, NA, NA, 
NA, NA, NA, NA, NA, NA, NA, NA, NA, NA, NA, NA, NA, NA, NA, NA, 
NA, NA, NA, NA, NA, NA, NA, NA, NA, NA, NA, NA, NA, NA, NA, NA, 
NA, NA, 0.842738185982396), .Dim = c(1000L, 2L, 3L), .Dimnames = list(
    NULL, c("mi", "cv"), c("intercept", "estimate", "mse")))
