structure(list(lvcf = c(0.338098462895764, 0.357751091097292, 
-0.702756793485436, 1.02026430923587, 0.167373431733221, 1.18717076871712, 
0.703383407572557, 1.24216568819431, 0.989926312549258, 0.398201778041188, 
0.827681697308144, 0.824676518682419, 0.479548983812627, 0.306935198745437, 
0.0314240787664724, 0.543224806535132, 0.772087622638358, 0.930769999966994, 
0.188418933069596, 0.361537916091541, -0.0822030496831968, -0.271924724764846, 
1.30267119976566, 0.151466536486812, 0.375713771058107, 0.537435772986507, 
0.36631665511467, 0.196098480640969, 0.336862732059796, 0.889653630650005, 
0.173222549379759, 0.414479233994087, 0.46756770818526, 0.397898547310335, 
NA, 1.00532502820078, 0.482178647175139, -0.0185156044043104, 
0.0332142722921858, 0.366345869565026, 0.370716761408815, 0.113149379507469, 
0.980649155728651, 0.715312969183678, 0.439233245738919, 1.32322620506862, 
0.31458526032724, 0.493314085431495, -0.0121299216929744, 0.60158584615615, 
NA, 0.926129777622311, -0.848676445399696, 0.318505522015713, 
1.49379978752441, 0.0381753319483947, -0.126132571266721, 1.00034929355535, 
0.899572719356805, 0.598264431763721, 0.504642031186724, 0.538048122564488, 
0.552298451071842, 0.794578533350031, 0.201168689549665, 1.46781565709273, 
-0.584172314623726, 0.646906786107703, 0.340718155146836, 1.16404680274051, 
0.629983139435801, -0.787951148357462, 0.704549145561756, 0.188917540097736, 
NA, 0.552436545230271, 1.22411526137135, -0.0277095779719306, 
0.657364123434261, 0.911386288474156, 0.888394240118465, 1.10992050232243, 
-0.12820423450505, 0.837202471371034, 0.38628975569169, -0.163489421811945, 
0.194384493007894, 0.120709255576122, 0.917086563627476, 0.748800155065464, 
0.552691056561962, -0.0527819678047065, 0.981511101011318, 0.425384199302894, 
0.769024538137317, 0.232572898886534, 0.19614075097549, 1.10769072734557, 
0.814488042530686, 1.21147083937885, 0.84122268840063, -0.0435699764680151, 
0.255739812543963, 0.269330487343181, 1.3202620298513, 0.458744333306723, 
0.304289427515153, -0.521720821104106, 0.906747373578659, NA, 
NA, -0.498546909957192, 0.850666021405836, 0.715066840888888, 
1.68581896366541, -0.130331898116303, 0.549927020543763, -0.113630572154391, 
0.625741007711293, -0.344493912188939, 0.512396422946318, -0.360248048829458, 
-0.462542432761301, 0.398107190391277, 0.178620868813062, 0.479832491839102, 
0.308531482630446, 0.15677170561556, 1.11823391439177, 0.591431385640591, 
0.886054429118142, -0.0140685696780507, -0.240860496484831, 0.384995155910559, 
0.106289076892476, 0.395172470707546, 0.301471683245238, -0.444737531744302, 
0.322411612142317, 1.17540961813968, 0.555353879633183, 0.983961557344559, 
0.195125008866227, 0.00325061952546804, 0.457309127362698, 1.05541465450232, 
0.123520562497037, 0.834872893632537, -0.737214877906239, 0.754389017628532, 
0.182540873942524, 0.310204679708015, 1.32408664869429, 0.0435378064077095, 
0.495368554333191, 0.45936560341605, 8.60800760807584e-05, -0.0620311392993104, 
-0.133613719271508, 0.97486343589932, 0.37031162062213, 1.08474459300987, 
0.583802031982989, 0.40819748828272, 0.654644374689754, 0.167085265520991, 
0.89734209076245, -0.0146296501441401, 0.553447134906338, 0.320385035762536, 
0.209956809952322, 0.566546405192191, 0.648813039005294, 0.603256811732084, 
0.210196875503693, -0.284071066273485, 0.589662481886424, 0.332667757821853, 
0.700244943611679, -0.28257168130761, -0.614366719259883, -0.197071522600748, 
0.545594225667681, -0.155542673145705, 0.297154808239561, 0.495505663056949, 
0.989460763708208, 0.818511282074975, -0.407215136751439, 0.366790594295786, 
-0.000143456019724643, 0.646577505346704, 0.632452287204028, 
0.390047731266496, 0.35609978528923, -0.555202171388062, -1.04720587332189, 
-0.186638756157588, 1.07410743369982, -0.508138081948751, 0.331642754491674, 
1.04523540302561, 0.352137985736445, 0.696242151323598, 0.755543993530972, 
0.435887063883146, 0.667668556847301, -0.207410373618253, 0.267791223310244, 
0.606744481223482, 0.496892837121123, 0.249679910393222, -0.0440701670010377, 
0.345165510288378, -0.995163388785793, 0.874601539312853, -0.335140285191189, 
-0.12547764624478, 0.798341743353834, 0.152783413422984, 1.41831416296484, 
0.882671823934733, 1.06726938493616, 0.410750714095709, 0.427636780747327, 
0.84699515074981, 0.103806841270151, -0.316702172838544, -0.213788193442669, 
0.60414254859195, -0.121771890936595, 0.354486497479425, 0.583402224529059, 
0.305221258885374, 0.779227863376804, 0.0895100488806073, 0.670938687406516, 
1.19831960150833, 0.825075493295123, 0.183001053050997, 0.430161582722224, 
0.619322559489909, 0.817490712834225, 0.0668617420598996, 0.309447887833132, 
-0.0323153882505746, -0.0981664063177327, NA, NA, 0.583602378300752, 
0.177836896949051, 1.30169950847026, 0.511841555527127, 1.31622332236625, 
0.318300677256809, 0.166232194564834, 0.117872926678986, 0.373687981928002, 
0.144165036371518, 0.120909491745448, 0.294770581811095, 0.122336853099431, 
-0.644158839900308, 0.482895802692167, 0.439002824013899, 0.295940573194082, 
0.685686901270758, 0.947863347936844, NA, NA, 0.947264046256011, 
1.36517336778427, 0.33341668367367, 0.461945083528047, 0.202745256935442, 
0.877094618198952, 0.651567603560529, 0.70164682259031, -0.0808743736783764, 
0.250904144384762, 0.754051061533064, 0.464351826516973, -0.431988390582467, 
0.489929707856205, 0.151802789859453, 0.432803123202864, 1.08112763391143, 
0.0866317508244117, 0.154793778170281, 0.497423887496085, 0.570065255904561, 
0.778324795582089, 0.236490190912527, 1.08271850382535, 0.00876688748708237, 
0.677992874359201, 1.24961059006864, 1.10208905659801, 0.272820794881705, 
0.510337262048516, 0.315870206565647, 0.310615835641226, 0.812528740978321, 
0.509929863164818, 1.18912877706021, 0.675854550053107, 0.401981138993424, 
-0.720980710013097, 0.217715708427392, 0.766486295559452, 0.798116172164315, 
0.268311007155105, -0.247435709003334, 0.620155146133246, 0.101377584842394, 
-0.352117114238822, -0.619763510366257, 0.188497748232982, -0.368443089674442, 
-0.0720315518596974, 1.00789437476859, 0.681308954964311, 0.54213250071402, 
0.352141976486263, 0.593543822822442, 0.726020206987327, -0.1177166234971, 
-0.0738874295470435, 0.61281647786979, 0.0382282290030544, 0.509994457978989, 
-0.519066124756085, -0.316359234263812, 0.547604433111532, 1.13686072560089, 
0.234652621063227, 0.635702419982538, NA, NA, 1.35374904959796, 
1.1711631342918, 0.858839197375172, 0.34080429675868, 0.348421428103212, 
1.06425925880154, 0.296612481155414, 0.294692279594087, -0.108290338649113, 
-0.13137607417129, 0.730976662882688, -0.0926763822887182, 0.0607569020218789, 
0.126258238730464, 0.492935955677455, 0.604928276960223, 0.859097114845877, 
0.242224838528672, 0.616115293503814, 0.0579385064284691, 0.735038933220375, 
1.00046124450571, -0.0121900937414414, 0.976040167441162, 1.37695264632802, 
0.160638722655179, 0.656911306450324, 0.617013001656245, 0.505030527934341, 
-0.273258968524971, 0.81265005634049, 0.770592959382835, 0.772345820276111, 
0.766485999247835, 1.18668383160983, 0.401409063970115, 0.789425914310144, 
-0.346840603200488, 1.29506036445912, 0.551878897742716, -0.55316007870812, 
-0.277368253650875, -0.255435573562102, 0.407064042889169, 0.665542337688433, 
1.01851838638238, -0.484907176270235, 0.479498912888859, 1.04969738896323, 
0.705018960452856, 0.733984097929029, 0.227686463536335, -0.269198967470934, 
1.00904933993278, -0.321958346674295, 0.236097922730868, 0.790687805752088, 
-0.201580609143325, 0.0515215536912647, 0.247795670684121, -0.54382615360649, 
0.508362826634301, 0.37845340774645, 0.892649611973673, -0.481305994486811, 
-0.45746346315594, 0.0116779753033952, 0.249427242376157, -0.0683041728924003, 
0.174705036554589, 0.661589876904485, 0.381278981731424, -0.0432378764452454, 
0.573726615548583, 0.550492294619895, 0.590511109288129, 0.39831889193055, 
0.134478208430614, 0.0676450605210674, 1.16809011991094, -0.654951236248785, 
0.383600918916409, 0.122019414739605, 0.190253083505661, 1.278053872758, 
0.945136991345519, 0.584701862313538, 0.627486197956277, 0.372711797626992, 
1.02667744901712, 1.01998541235416, 0.229566335740241, 0.262712173150682, 
0.441030327151297, 0.427316453665729, -0.060547944283885, 0.273239532869472, 
-0.236007066387599, -0.117738595189238, -0.160482708045772, 0.143190177024658, 
0.602239276789234, 0.188545514882265, 1.1031582103196, 0.553963815981809, 
0.669578878210955, 0.748403765081696, 0.252750609311491, 0.32139368788289, 
0.645609725638747, 0.498901901070564, -0.0772845266975997, 0.29714468930613, 
0.06842184418093, 0.413924858662725, 0.634764740266128, 1.13514996487679, 
-0.874482931793124, -0.13774654111323, 0.0274686282392436, 1.58890709199384, 
0.0526738411102176, 0.29730061723982, 0.45319673763805, 0.0659731067743998, 
0.644970422528938, -0.146623926140424, 0.724555015105843, 0.44585388784305, 
0.330943377214284, 0.325910110451095, 0.454496353410509, 0.218872338548198, 
-0.297359925756647, 0.792604132104222, 0.914172567490264, 0.389421181873599, 
0.568601363550542, 0.458522375550036, 0.581050310505351, -0.593349770453386, 
0.301991973245176, 0.163624568136385, -0.0500108720681287, 0.878628721540489, 
-0.317376576227424, 0.68463394141827, 0.57625842572073, 0.269366210749084, 
0.576706094432649, -0.121254553548449, 0.367095282719997, -0.151534526754334, 
0.440710088779512, 0.661457915562715, 0.423690763850961, 0.518229015368142, 
0.155038596056575, 0.638520163402996, 0.78654621164694, NA, NA, 
NA, NA, NA, NA, NA, NA, NA, NA, NA, NA, NA, NA, NA, NA, NA, NA, 
NA, NA, NA, NA, NA, NA, NA, NA, NA, NA, NA, NA, NA, NA, NA, NA, 
NA, NA, NA, NA, NA, NA, NA, NA, NA, NA, NA, NA, NA, NA, NA, NA, 
NA, NA, NA, NA, NA, NA, NA, NA, NA, NA, NA, NA, NA, NA, NA, NA, 
NA, NA, NA, NA, NA, NA, NA, NA, NA, NA, NA, NA, NA, NA, NA, NA, 
NA, NA, NA, NA, NA, NA, NA, NA, NA, NA, NA, NA, NA, NA, NA, NA, 
NA, NA, NA, NA, NA, NA, NA, NA, NA, NA, NA, NA, NA, NA, NA, NA, 
NA, NA, NA, NA, NA, NA, NA, NA, NA, NA, NA, NA, NA, NA, NA, NA, 
NA, NA, NA, NA, NA, NA, NA, NA, NA, NA, NA, NA, NA, NA, NA, NA, 
NA, NA, NA, NA, NA, NA, NA, NA, NA, NA, NA, NA, NA, NA, NA, NA, 
NA, NA, NA, NA, NA, NA, NA, NA, NA, NA, NA, NA, NA, NA, NA, NA, 
NA, NA, NA, NA, NA, NA, NA, NA, NA, NA, NA, NA, NA, NA, NA, NA, 
NA, NA, NA, NA, NA, NA, NA, NA, NA, NA, NA, NA, NA, NA, NA, NA, 
NA, NA, NA, NA, NA, NA, NA, NA, NA, NA, NA, NA, NA, NA, NA, NA, 
NA, NA, NA, NA, NA, NA, NA, NA, NA, NA, NA, NA, NA, NA, NA, NA, 
NA, NA, NA, NA, NA, NA, NA, NA, NA, NA, NA, NA, NA, NA, NA, NA, 
NA, NA, NA, NA, NA, NA, NA, NA, NA, NA, NA, NA, NA, NA, NA, NA, 
NA, NA, NA, NA, NA, NA, NA, NA, NA, NA, NA, NA, NA, NA, NA, NA, 
NA, NA, NA, NA, NA, NA, NA, NA, NA, NA, NA, NA, NA, NA, NA, NA, 
NA, NA, NA, NA, NA, NA, NA, NA, NA, NA, NA, NA, NA, NA, NA, NA, 
NA, NA, NA, NA, NA, NA, NA, NA, NA, NA, NA, NA, NA, NA, NA, NA, 
NA, NA, NA, NA, NA, NA, NA, NA, NA, NA, NA, NA, NA, NA, NA, NA, 
NA, NA, NA, NA, NA, NA, NA, NA, NA, NA, NA, NA, NA, NA, NA, NA, 
NA, NA, NA, NA, NA, NA, NA, NA, NA, NA, NA, NA, NA, NA, NA, NA, 
NA, NA, NA, NA, NA, NA, NA, NA, NA, NA, NA, NA, NA, NA, NA, NA, 
NA, NA, NA, NA, NA, NA, NA, NA, NA, NA, NA, NA, NA, NA, NA, NA, 
NA, NA, NA, NA, NA, NA, NA, NA, NA, NA, NA, NA, NA, NA, NA, NA, 
NA, NA, NA, NA, NA, NA, NA, NA, NA, NA, NA, NA, NA, NA, NA, NA, 
NA, NA, NA, NA, NA, NA, NA, NA, NA, NA, NA, NA, NA, NA, NA, NA, 
NA, NA, NA, NA, NA, NA, NA, NA, NA, NA, NA, NA, NA, NA, NA, NA, 
NA, NA, NA, NA, NA, NA, NA, NA, NA, NA, NA, NA, NA, NA, NA, NA, 
NA, NA, 0.411416691045522), cc = c(0.842332720103252, 1.19887454519449, 
-0.0836816195187778, 1.68888698237682, 0.335458250312933, 1.78235896118014, 
0.8980604166132, 3.31119535879252, 1.159757144727, 0.760697885238581, 
1.57711650796348, 1.06868274449496, 1.30966121212026, 0.363038486976486, 
-0.414568733231298, 3.07879054375003, 0.396663814887501, 1.92288738790182, 
1.67125104860895, 2.02397442788546, 1.51055553957324, -0.188905877326823, 
1.89519877919629, 0.463893155653777, 1.09015300340935, -0.296106959873707, 
1.90358557492192, 0.319280290350905, 0.0567510284345678, 0.428382809675685, 
1.6956452984902, 0.515738718221124, 2.3696047751909, 0.377459616410263, 
NA, 1.6835814364237, 0.0311367500617058, 1.36087675534347, 0.237888719683572, 
0.767236980807096, 0.942679099532912, 1.31617431376785, 0.333701399203673, 
0.540578493355923, 0.906534237314896, 0.947130607288547, -0.473216722858852, 
0.852854826120297, -1.10692225511603, 0.664999879679388, NA, 
0.331632486578564, -1.74470146708874, 1.23484256270269, 2.21664084738841, 
0.482586978484394, -0.631309183892902, 0.917451053965948, 0.865151482308719, 
1.0911809381947, 1.68284510655012, 1.33059408778212, 1.41980673825585, 
2.10217057280735, 0.00520987145234201, 0.127827659265026, -0.404818045785413, 
-0.0848435891821896, 1.00463790796272, 2.21217184667945, 0.42958471950847, 
0.87431863207157, 0.750539818094936, 0.596965659932308, NA, -0.20524150086726, 
0.443738617723915, -0.161756985448513, 0.56609093469318, 2.62681126118007, 
1.54320716016876, 0.962486704904071, -0.580454253056532, 2.10596822270282, 
0.816660295642876, -0.622236272636291, 1.54057492167663, 0.366451780300975, 
1.84590400906376, 2.96581356185539, 0.789351452799446, 0.198444365574749, 
0.729518152972028, 1.98845882486589, 1.60999786323643, 0.809853369911797, 
0.064339962990403, 2.18824906373494, 1.38711534770128, 1.22206324322299, 
1.71767925063432, -0.775748639251614, 0.248709507346068, 0.251341005776983, 
0.741484804178045, 1.25871243597156, 1.6646926166951, 0.345405936003278, 
-0.29010696939326, NA, NA, -0.0698276436216698, 2.43635758675947, 
0.828462208350618, 2.32144460152298, 1.4379399104276, 1.70613620900833, 
1.28176796703189, 0.106296947016391, -0.934262727495529, 0.689567562794515, 
1.10295395940096, 0.446948104543468, 0.676978144658303, 0.490682360883053, 
1.73788249391509, 0.572688714096676, 0.372560454343125, 2.789120342992, 
1.67032011621689, 0.910098094582584, 1.45599447755624, 0.0397289971009327, 
-0.16018420311383, -0.144420966473102, -0.608146152141921, 0.138739973023041, 
0.0599358703713082, 1.1838182375848, 0.795383101035094, 2.01538846949721, 
2.49060821206188, 0.375921634588387, -0.178310797361754, 1.54955477994722, 
1.0111021185585, 0.700438740635912, 0.361030118228567, -1.20824891413029, 
1.8500702361057, 0.268431792479357, 0.108075219736542, 0.94284756372151, 
1.32065275732067, 1.52528394491601, 2.90025302446206, -0.109441010725691, 
-0.691761665475405, 0.928342537771421, 0.0582620580023557, 0.633251053688721, 
1.77291712369617, 1.98404216228369, 2.08663449466334, 2.03024411404046, 
3.29200951924205, 2.1900585079207, -0.270579406916211, 2.16226772054531, 
0.844263542482755, -0.690137921861291, 1.99373246966182, -0.14081214094191, 
0.0125016235443819, 0.396260931072704, 1.5071814003672, 0.880900654902403, 
1.17038435812541, 0.742840202457273, 0.0152352398177239, -0.13937012048419, 
-1.37049461145652, 2.23398366525719, -0.73586508187114, -0.815809379524903, 
0.376718575959392, 1.14208048014773, 2.62723842139058, 0.195716709651783, 
0.167743892481919, -2.00032782790314, -0.870678406163178, 2.51198101554678, 
1.25978605082612, 1.12092819876451, 1.16682659354194, -0.397760294169168, 
2.64715778054591, 1.5864151930656, 0.752397302842018, -0.057324127660788, 
2.00945404364696, -2.07511037610087, -0.151585507575183, 1.39551869557597, 
1.38745730382274, 2.58693045672905, -0.920190548849175, -0.546479230763485, 
1.84689763308945, 0.620927282921344, 0.710442247628532, 0.284277247144039, 
4.04629987001907, -0.0560489649928803, 1.59284081683399, 0.732413289455517, 
-0.680701543669494, 2.46052886491672, 1.3251729978791, 2.77887154305171, 
0.0480471296350688, 2.36049608033661, -0.691386495973037, 1.53764641340132, 
-0.119986049806888, 1.12089485713208, 1.20233202678052, -0.946770917075081, 
0.0956361721962184, -0.446772290651072, -0.0848537392904726, 
0.905092540663281, 0.516083287929484, 0.994937582990329, -0.584449927745306, 
1.53906907996978, 1.17312231542862, 1.78375882501351, 2.17655463831916, 
1.29575119066045, -0.399352925491777, 0.297212629932483, -1.52175022965471, 
-0.401521059028326, -0.31562203697763, 0.107803880921161, NA, 
NA, 1.05446497459193, 1.75002949261126, 2.22022782325964, -0.125405370875137, 
1.48927441603051, -0.213200588715086, -0.276912776014724, 0.924174964369926, 
1.26158743350172, 2.09987336012559, -0.941371589805647, 1.27200072551493, 
0.455380973218528, 0.207702074841353, -0.502050044223966, 1.52270138567962, 
1.5733860533185, 0.613370399228506, 2.99993320147521, NA, NA, 
0.6871538979779, 2.81490137696973, 0.245025359212482, -0.504460023746112, 
1.53822431081163, 1.3091512151167, 0.55288007817176, 1.21316227754913, 
1.75254121307318, 0.834347610203278, 1.20807121449227, 4.22694093991733, 
-1.68160413306963, 1.92893069087888, 0.413501330822586, -0.811341499983428, 
2.68807130085688, 0.0466614324571983, 0.556187710460954, 1.1277235265077, 
1.64670544968871, 3.17739711337976, 0.718630219058119, -0.0250261442005747, 
0.0870749351068495, 0.435496025952828, 2.79093953781424, 0.248226317136757, 
0.847027997235774, 0.368032415922382, 2.35620834623633, 1.46416011660371, 
1.66635688047913, 0.0825489137517435, 1.31254812183649, 1.20089399600993, 
2.16665851575113, 0.210899057077944, 2.64639545192856, 0.132189694260832, 
0.844477164500394, 1.61511722730225, 0.881790083507799, 0.385052294875889, 
0.0964367501143287, -0.194306228622578, -0.0328499508318162, 
0.771863142754232, 0.694323886624678, -0.295126330232936, 2.95140546427496, 
2.20469868123998, 0.70486472820166, -0.815526240764135, 1.0539336908462, 
-0.0129775382656896, 1.43958346859098, -1.14303580280942, 0.651188822015862, 
-0.139063926480969, 0.73299886126471, 0.914532435798891, 0.744281932138986, 
2.86175391784173, 1.77379846195216, 0.577864473988775, 2.52107300368021, 
NA, NA, 3.51165207522566, 0.962596287647245, 0.787431525350253, 
0.323358516982832, 1.36929000159578, 2.12948136723429, 1.48530730306326, 
0.775367985849795, -0.193191007461288, 0.100804222343476, 1.39892739093016, 
-0.74276385355643, 0.105507575712113, -1.47605938444268, -0.20610341474213, 
1.7748511796624, 0.0557297951802024, 0.634707057541249, 0.476156042766708, 
1.24022518390558, 1.51685589873921, 1.62724244501922, 0.335421180359131, 
1.02036206644578, 2.46645182242378, -0.496576036469048, 0.2431080209708, 
1.58347539961116, 1.55427741519223, -2.04439310690188, 0.876813742726902, 
0.440411267089584, 0.890350131701511, 2.57304144406949, 1.18946179238043, 
-0.556032340136032, -0.414508962034828, 0.345133675218198, 1.75106310449012, 
0.395494313709498, -1.30108731244672, -0.596606450347032, 0.0609096559695964, 
1.13181670617105, 2.09272951165204, 1.29918605716804, -0.124555920735686, 
1.98671840461865, 1.49181565091976, 1.81127449681834, 0.851001133305762, 
0.508461389302419, 2.28064869659257, 0.81879948749668, -0.631100835756301, 
0.592881239440578, 1.07940239736339, -0.232611423144193, 2.73823359929008, 
0.499106072915856, 0.236982385574083, 0.970469683253184, 1.44672466724479, 
2.0372822847411, -0.262517709399523, -0.353532364202848, 1.14629050421596, 
0.0729066414929849, 1.26230207942795, 2.07362438900273, 1.20190091843624, 
0.018638864649729, 0.253045684834638, 1.69967763830249, 1.53482179926861, 
0.285520219765353, -0.346499456253562, 0.585592579185742, 2.56956999420833, 
2.54542484755548, 0.162060461504857, 0.184905872642618, 0.573612079414986, 
1.88233323445101, 1.14654752345223, 0.727489565746138, 0.379027433026734, 
-0.699055856806655, -1.04166785757339, 2.04493748647838, 2.05822794379063, 
1.8843066090192, 2.42586846414359, -0.657884439822354, 2.17575348680586, 
-0.631669980096742, -0.8853348392235, 0.321400382391836, -0.703403647627194, 
0.110169487682319, 0.151551956440888, 1.17223591178246, 0.999051922518071, 
1.9343670688351, 1.90466344699578, 0.666975916197929, 2.00324338595625, 
0.86439299496446, 0.479948319046032, 0.371498580636503, 0.884714557802652, 
-0.173586857144122, 0.987438841717547, 1.78136651608249, 0.384003031015151, 
0.680154881822648, 2.839595568269, -0.487138268371787, 0.502572228339455, 
-0.78975834779486, 2.85741483070714, -0.555654658577829, 0.688299298018884, 
-0.467725367193939, -2.11515761524336, 1.34084620457045, 0.784036748498051, 
1.91293557681818, -1.39317665541198, 1.05381285573295, 1.82885126968316, 
-0.532027035869946, 0.948512644785937, 2.30561627493458, 2.41800228262724, 
-0.278850605358, 1.48139182632761, 1.10469524223878, 0.0906883735574931, 
0.984351091290867, -1.20514272319779, 0.532238312995463, 1.1206354946743, 
0.45861436643737, 0.262432694904763, 0.31754887569444, 0.0913301272372567, 
0.943252544594155, 0.828396424850902, 0.723035498481593, 0.793184192824533, 
0.0890969616213575, 1.65722226145194, 1.33660354127943, 2.33880930633444, 
0.549652801569317, 0.636508735018946, 2.14679415108597, 1.94534687246082, 
0.389184573787267, NA, NA, NA, NA, NA, NA, NA, NA, NA, NA, NA, 
NA, NA, NA, NA, NA, NA, NA, NA, NA, NA, NA, NA, NA, NA, NA, NA, 
NA, NA, NA, NA, NA, NA, NA, NA, NA, NA, NA, NA, NA, NA, NA, NA, 
NA, NA, NA, NA, NA, NA, NA, NA, NA, NA, NA, NA, NA, NA, NA, NA, 
NA, NA, NA, NA, NA, NA, NA, NA, NA, NA, NA, NA, NA, NA, NA, NA, 
NA, NA, NA, NA, NA, NA, NA, NA, NA, NA, NA, NA, NA, NA, NA, NA, 
NA, NA, NA, NA, NA, NA, NA, NA, NA, NA, NA, NA, NA, NA, NA, NA, 
NA, NA, NA, NA, NA, NA, NA, NA, NA, NA, NA, NA, NA, NA, NA, NA, 
NA, NA, NA, NA, NA, NA, NA, NA, NA, NA, NA, NA, NA, NA, NA, NA, 
NA, NA, NA, NA, NA, NA, NA, NA, NA, NA, NA, NA, NA, NA, NA, NA, 
NA, NA, NA, NA, NA, NA, NA, NA, NA, NA, NA, NA, NA, NA, NA, NA, 
NA, NA, NA, NA, NA, NA, NA, NA, NA, NA, NA, NA, NA, NA, NA, NA, 
NA, NA, NA, NA, NA, NA, NA, NA, NA, NA, NA, NA, NA, NA, NA, NA, 
NA, NA, NA, NA, NA, NA, NA, NA, NA, NA, NA, NA, NA, NA, NA, NA, 
NA, NA, NA, NA, NA, NA, NA, NA, NA, NA, NA, NA, NA, NA, NA, NA, 
NA, NA, NA, NA, NA, NA, NA, NA, NA, NA, NA, NA, NA, NA, NA, NA, 
NA, NA, NA, NA, NA, NA, NA, NA, NA, NA, NA, NA, NA, NA, NA, NA, 
NA, NA, NA, NA, NA, NA, NA, NA, NA, NA, NA, NA, NA, NA, NA, NA, 
NA, NA, NA, NA, NA, NA, NA, NA, NA, NA, NA, NA, NA, NA, NA, NA, 
NA, NA, NA, NA, NA, NA, NA, NA, NA, NA, NA, NA, NA, NA, NA, NA, 
NA, NA, NA, NA, NA, NA, NA, NA, NA, NA, NA, NA, NA, NA, NA, NA, 
NA, NA, NA, NA, NA, NA, NA, NA, NA, NA, NA, NA, NA, NA, NA, NA, 
NA, NA, NA, NA, NA, NA, NA, NA, NA, NA, NA, NA, NA, NA, NA, NA, 
NA, NA, NA, NA, NA, NA, NA, NA, NA, NA, NA, NA, NA, NA, NA, NA, 
NA, NA, NA, NA, NA, NA, NA, NA, NA, NA, NA, NA, NA, NA, NA, NA, 
NA, NA, NA, NA, NA, NA, NA, NA, NA, NA, NA, NA, NA, NA, NA, NA, 
NA, NA, NA, NA, NA, NA, NA, NA, NA, NA, NA, NA, NA, NA, NA, NA, 
NA, NA, NA, NA, NA, NA, NA, NA, NA, NA, NA, NA, NA, NA, NA, NA, 
NA, NA, NA, NA, NA, NA, NA, NA, NA, NA, NA, NA, NA, NA, NA, NA, 
NA, NA, NA, NA, NA, NA, NA, NA, NA, NA, NA, NA, NA, NA, NA, NA, 
NA, NA, NA, NA, NA, NA, NA, NA, NA, NA, NA, NA, NA, NA, NA, NA, 
NA, NA, NA, NA, NA, NA, NA, NA, NA, 1.50893453267681), cv = c(0.919420609246041, 
0.715996369426589, -1.27808695516979, 1.31737229783845, 0.42946133078896, 
0.576393977856963, 0.676034532232645, 1.01026012611421, 1.34821533644981, 
0.179365184090394, 1.53826016392379, 1.27608284933618, 1.08709219093902, 
0.0133934174544588, 0.392771177204586, 0.813709439281471, 0.376603972676416, 
0.522910242960756, 0.851746972852933, 0.591654936928129, -0.436942123958939, 
0.22355786355774, 0.381613890615804, 0.541522096289469, 0.137493926485915, 
0.354348933851101, 0.0497433027675038, 0.35815272947068, 0.304874798161033, 
0.472500555554967, -1.03458280729914, 1.13520012600566, 0.376511172634061, 
0.0569647004496991, NA, 0.625482419363209, -0.953323057270939, 
-0.228323021531359, -0.13744269231837, 0.421635688095508, 1.20969278308598, 
0.645458390961663, 0.633158453392696, 1.3058120847393, 0.920871352487711, 
1.90378181528888, -0.201609635876493, 1.27543438743366, -0.717842487888735, 
-0.147534127700937, NA, 0.454530852730167, -0.263449620108817, 
0.839633143075233, 1.1855642803808, -0.145736438305985, -0.297535837436917, 
0.865254889994152, 0.0425289459681021, 0.371807495309821, 0.41463222225798, 
1.10362825525066, 1.45009908678094, 0.761148814133898, -0.337471304251076, 
0.857513233300291, -1.79794176535891, 0.288953036630234, -0.119412240035938, 
1.39897050716508, 0.106084139873731, -0.453739664344084, 0.250871880838619, 
0.613660229387426, NA, 0.804906472000569, 1.78886152613305, 0.534298100825485, 
0.830954038921869, 1.69266695038306, 1.12663114900772, 0.418770744534167, 
0.729408413448485, 0.010007570525468, 0.936932601797549, -0.192449068261774, 
0.0727024150775119, 0.42419514073437, 1.32227298268221, 0.830944978393752, 
1.00747306155682, 0.0410789379420553, 1.14332845674189, 1.29426266907487, 
0.494475352804504, 0.821075755862433, -0.29803318656154, 1.92418458459511, 
0.539748524778056, 1.44029949806682, 1.30333239782432, -0.28846552938252, 
0.933078637471825, 0.174704182597639, 1.21589817870673, 0.204193400745375, 
0.585775026690073, 0.0151889374903692, 1.30208486644239, NA, 
NA, -0.782158439582095, 0.649545166743971, -0.188591106745818, 
1.90341001277659, 0.376562242803542, 0.279789764840144, -0.470117648908133, 
0.0446681493867444, -1.36909384999987, 0.377616597807926, -0.179729866179377, 
-0.158799870317492, -0.0979069727660461, 0.906500297064885, 0.754381028164579, 
0.444447243495524, -0.0454267607450223, 1.61297544936389, 0.745407886700984, 
-0.102569810518696, 0.214780579455341, 0.2490883275577, 0.0873053875410505, 
0.0859783883557672, 0.584725910333801, 0.0947748935494936, -0.51013396175744, 
0.753687690266506, 0.714088263182867, 1.30557535207434, 0.615586226616088, 
-0.284511046217646, -0.676004383616521, 1.30892492305461, 0.799511565387967, 
-0.36195966473985, 0.280201585426107, -0.492688235810025, 1.03817679331679, 
-0.00228779797927799, 0.253053147995885, 1.49514884968426, 1.07774429773282, 
1.11931960031038, 0.448546272980624, -0.216827345576566, -0.174294331606793, 
0.152765459581661, 0.411501874803455, 0.642253823477894, 1.49010293483659, 
0.765010097983641, 0.853085246125178, 0.797328251514865, -0.724569584380348, 
0.698391897308078, 0.097192111901547, 0.822649599315975, 0.929203687047061, 
-0.574189701101621, 1.36907074741731, -0.242511310044944, -0.468969359742114, 
0.325403159218178, -0.606453147889373, 0.517472015372633, 0.294029983571898, 
0.994658149955043, -0.475921563224078, -0.18493618190485, 0.0269030229150178, 
0.590839471225443, -0.380758255852084, 0.293045400291156, 1.05251145557909, 
0.933555897204976, 1.49041653491481, -0.602248477217797, 0.311080322545445, 
0.259547040392458, 0.495374999038953, 1.31166631558452, 0.385275094197761, 
0.211962457916014, -0.0799572204523603, -1.13148298549911, -0.287010296041699, 
1.15768788627223, -0.381949910189266, -0.970664238398218, 0.455331903159066, 
-0.634000286763326, 0.782017597545534, 1.07019284079715, 0.52072332561203, 
-0.00692168723054871, 0.16007730314108, 0.576254235908772, 0.539901992709323, 
-0.251319452572346, 0.709682336722156, 0.371995387168138, 1.12672446635219, 
-0.886776699538408, 1.49800873163024, -0.716843449117625, -0.620020573573066, 
1.48012137105654, -0.106645233919373, 1.91083676040484, 1.02872559355294, 
1.58313423738544, 0.694765231503749, 1.44414898802453, 0.406243934859464, 
-0.488546454256176, 0.410920487289649, -0.370462398610796, -0.0589116043758654, 
0.212298388009529, 1.18118188824951, 0.94866788420819, 0.130433543953563, 
0.154229605224054, -0.267149869682995, 0.0115809968582376, 2.15539886155883, 
1.4856385627804, 0.112264824875479, 0.273075667902896, 0.19961143581072, 
0.41216834258394, -0.00765854579892565, 0.203871721306482, -0.431938716073583, 
-0.106817218665702, NA, NA, 1.0698870589976, -0.012295059486069, 
1.63641497375096, 0.049448074982997, 1.07495121488812, -0.0358478085026378, 
-0.350066922547215, 0.723090275746224, 1.57378866409041, 0.433605084520857, 
0.612225009976578, 0.378412679010239, -0.471405533160475, -0.626441896501201, 
-0.128359178578385, 1.25860356320128, 0.836764809225338, 0.663619986211471, 
0.301050992087052, NA, NA, -0.191654476832823, 1.69465764520672, 
1.11737311027623, 0.800234682195214, 0.154228101020734, 1.21810583937187, 
0.38469810371242, 1.33657396927154, 0.903117826708041, 0.867839315101176, 
1.15792936464104, 1.11426446026795, -0.361548985201284, 1.31111638420717, 
0.79225809770743, 0.937869064753735, 2.12690670510733, 0.235141749994917, 
0.433337157124671, 0.656859664540235, 0.504622953397705, 2.61087206486282, 
0.212053660880718, 1.48422004990443, 0.466614704869611, 0.235513718567118, 
1.45043371037447, 0.660623035129507, 1.03064154209762, 0.0681472842602005, 
-0.066481111968702, 0.341660061331547, 0.510028723277545, 0.559054032317017, 
0.973973691652582, 1.15036957649878, 1.72473473849358, -0.0911889805712937, 
1.06342712659781, -0.302319651999795, 0.146948400797131, 0.302996221759565, 
0.528153244191363, 0.697396301518973, -0.225071035086226, -0.785238320015057, 
-0.227157463827791, 0.10133343816744, -0.520414918969269, -0.290107606996493, 
1.05729545551543, 1.03388319204844, 1.57360309297824, 0.611223728839369, 
0.197105408378661, 0.754242207569541, 0.195801393248697, -0.733653493376002, 
0.758505165693988, -0.300784401144234, 0.985316666533043, -0.46514536889371, 
-0.388137320594806, 1.42008647991725, 0.768048558903989, 0.77494330329952, 
0.763662296664263, NA, NA, 1.79050848238059, 1.48949701607893, 
1.07906456257212, -0.12611902735154, 0.930820110097535, 1.18254490385892, 
-0.204238287088365, 0.00346877172476579, -0.0320619122506478, 
0.650937187057948, 0.925323975424422, -0.82809134022618, 0.00623875059033279, 
-0.639133141618314, 0.417641607134089, 0.231482393750458, 1.10486343025273, 
0.348960645421388, 0.462597614973654, 0.208484284896203, 1.59125679442285, 
1.46331311127826, 0.123395770037438, 0.467182917138464, 1.85168612697272, 
0.335261908909282, 0.346185839515206, 0.580816082027644, 0.860031188050209, 
-0.72597614322565, 0.903910449075519, 0.455268238631379, 1.40274125576717, 
0.917471431939292, -0.235662809814983, 0.994260912263239, 0.53635197178071, 
-0.0740894852179204, 0.92312900569137, 0.631963928642091, -0.547327255742428, 
-0.13809133605483, -1.04919623698456, 0.667566280774022, 0.573302039740716, 
1.19917412950595, -1.75731498269752, 1.19660865440443, 2.04261997041892, 
0.492259912478358, 0.792056879010543, 0.480239632403912, 0.269169483885679, 
1.37463279843852, -1.03153041235106, 0.279795114780935, 0.734978576959002, 
0.0740148404233769, 0.0816987948208546, 0.0868571225942517, -0.643317661358452, 
0.368981462048716, 0.790467451079002, 1.83458271903226, -0.74338716919318, 
-0.476534007439335, -0.762566560986977, 0.345530901961085, 0.389432251491477, 
1.1959198637991, 1.61632081460693, 0.256357741055399, -0.563748451880988, 
0.0653855738446544, 0.391732492255927, 0.767925987362415, -0.21461337752159, 
0.828657394114321, -0.270201900635864, 1.08893121305141, -0.0404585028650223, 
0.79483434791472, 0.666374896105106, 0.798362248445404, 1.37817615567533, 
0.769164183766876, -0.315988089933614, -0.614408806230321, 0.297003188583589, 
1.2266115830552, 1.56349203955006, 0.496377854204427, 1.58858025960186, 
-0.157551556116949, 0.802213326448218, -0.267902509452081, -0.294806839052517, 
0.287536915751324, -0.381959222387135, -0.179951492548918, 0.147625947043873, 
1.14761672565143, 0.448268446765986, 1.31272107254175, 1.05413148298789, 
1.26294847659583, 0.703197784267419, 0.363726257297282, -0.510919487695706, 
0.942012500139294, 0.506114541463269, -0.738313409976312, 0.671449828407299, 
0.0782932942017589, 0.404414670790097, 0.934946686894831, 2.12823716514094, 
-0.476863941419641, -0.076064294580774, -0.520859758473872, 2.62632233045827, 
-0.281583829010538, -0.056980547730772, -0.675063591431063, -0.586992165597167, 
1.1090130432547, -0.5505672629528, 0.798752806490454, 0.403014241266162, 
0.801816934654356, 0.909364729372645, 0.353008010868916, -0.197785521597257, 
0.466373437528197, 1.15606924825114, 1.66844776143473, 0.0495408219251258, 
1.3409094877143, 0.993874895760138, 0.285972238904313, -1.17712288541614, 
0.261048969560545, 0.984258342292845, 1.69509797768856, 1.16710198672087, 
-0.637881320240632, 0.955013302032375, 0.524219199350828, -0.156700897708657, 
-0.347045936162414, -1.46987402162222, 0.906140048518559, -0.450630363348689, 
1.06738412677714, 0.362569155241223, 0.295982975607325, 0.708328719379065, 
-1.28835605000432, 1.17133978195539, 1.1203686854405, NA, NA, 
NA, NA, NA, NA, NA, NA, NA, NA, NA, NA, NA, NA, NA, NA, NA, NA, 
NA, NA, NA, NA, NA, NA, NA, NA, NA, NA, NA, NA, NA, NA, NA, NA, 
NA, NA, NA, NA, NA, NA, NA, NA, NA, NA, NA, NA, NA, NA, NA, NA, 
NA, NA, NA, NA, NA, NA, NA, NA, NA, NA, NA, NA, NA, NA, NA, NA, 
NA, NA, NA, NA, NA, NA, NA, NA, NA, NA, NA, NA, NA, NA, NA, NA, 
NA, NA, NA, NA, NA, NA, NA, NA, NA, NA, NA, NA, NA, NA, NA, NA, 
NA, NA, NA, NA, NA, NA, NA, NA, NA, NA, NA, NA, NA, NA, NA, NA, 
NA, NA, NA, NA, NA, NA, NA, NA, NA, NA, NA, NA, NA, NA, NA, NA, 
NA, NA, NA, NA, NA, NA, NA, NA, NA, NA, NA, NA, NA, NA, NA, NA, 
NA, NA, NA, NA, NA, NA, NA, NA, NA, NA, NA, NA, NA, NA, NA, NA, 
NA, NA, NA, NA, NA, NA, NA, NA, NA, NA, NA, NA, NA, NA, NA, NA, 
NA, NA, NA, NA, NA, NA, NA, NA, NA, NA, NA, NA, NA, NA, NA, NA, 
NA, NA, NA, NA, NA, NA, NA, NA, NA, NA, NA, NA, NA, NA, NA, NA, 
NA, NA, NA, NA, NA, NA, NA, NA, NA, NA, NA, NA, NA, NA, NA, NA, 
NA, NA, NA, NA, NA, NA, NA, NA, NA, NA, NA, NA, NA, NA, NA, NA, 
NA, NA, NA, NA, NA, NA, NA, NA, NA, NA, NA, NA, NA, NA, NA, NA, 
NA, NA, NA, NA, NA, NA, NA, NA, NA, NA, NA, NA, NA, NA, NA, NA, 
NA, NA, NA, NA, NA, NA, NA, NA, NA, NA, NA, NA, NA, NA, NA, NA, 
NA, NA, NA, NA, NA, NA, NA, NA, NA, NA, NA, NA, NA, NA, NA, NA, 
NA, NA, NA, NA, NA, NA, NA, NA, NA, NA, NA, NA, NA, NA, NA, NA, 
NA, NA, NA, NA, NA, NA, NA, NA, NA, NA, NA, NA, NA, NA, NA, NA, 
NA, NA, NA, NA, NA, NA, NA, NA, NA, NA, NA, NA, NA, NA, NA, NA, 
NA, NA, NA, NA, NA, NA, NA, NA, NA, NA, NA, NA, NA, NA, NA, NA, 
NA, NA, NA, NA, NA, NA, NA, NA, NA, NA, NA, NA, NA, NA, NA, NA, 
NA, NA, NA, NA, NA, NA, NA, NA, NA, NA, NA, NA, NA, NA, NA, NA, 
NA, NA, NA, NA, NA, NA, NA, NA, NA, NA, NA, NA, NA, NA, NA, NA, 
NA, NA, NA, NA, NA, NA, NA, NA, NA, NA, NA, NA, NA, NA, NA, NA, 
NA, NA, NA, NA, NA, NA, NA, NA, NA, NA, NA, NA, NA, NA, NA, NA, 
NA, NA, NA, NA, NA, NA, NA, NA, NA, NA, NA, NA, NA, NA, NA, NA, 
NA, NA, NA, NA, NA, NA, NA, NA, NA, NA, NA, NA, NA, NA, NA, NA, 
NA, NA, NA, NA, NA, NA, NA, NA, NA, NA, NA, NA, NA, NA, NA, NA, 
NA, NA, 0.606842058767063), mi = c(0.793157883186966, 0.339076101276352, 
-0.518289137126805, 1.79157998339879, 0.885009631303425, 1.03740353812758, 
1.04573045730169, 1.97705291691507, 1.53327495948807, 0.183587141855646, 
1.02853062116071, 2.00156412242872, 1.82171950318956, 0.257782768507486, 
0.364184986952815, 1.24939586052169, 0.224591342096911, 1.33916398855236, 
0.428126065359868, 1.08466464789713, 0.109558391763624, 0.4108723866512, 
1.76621742110787, 0.35913536254975, 0.874532133786576, 0.817517924003493, 
1.04411121110993, 0.282657737478824, 0.541787037773226, 1.09739261946401, 
-1.71769615413032, 1.15719833390024, 1.24728105964529, 0.650684497860282, 
NA, 1.47162206440283, 0.664199129886861, 0.613678733102737, -0.0411769077793053, 
0.905731373496118, 1.10602082847841, 1.0833759997868, 0.749624805594789, 
1.18600363985695, 1.06492118451188, 1.911383494182, 0.715367381811359, 
1.36284790605968, 0.196847490661171, 0.546881481215474, NA, 0.708255188468887, 
-0.261477974528957, 1.20513234005748, 0.964789088185305, 0.511879797749299, 
-0.485505051465835, 0.990043161005222, 2.13554383544491, 0.438315493264172, 
0.988188598765202, 1.13573541117603, 1.9750255197693, 0.981672103746186, 
-0.250363595253782, 0.530301524333721, -1.84301763892406, 0.567345087619683, 
0.29507506000377, 1.85348078542982, 0.684757015024734, -0.364224437380806, 
0.538514051446198, 0.535783245234099, NA, 0.58717491615815, 1.88992305079134, 
1.13093023800596, 1.54158500928928, 1.94281243360892, 1.58175463230428, 
0.728273855070666, 0.138149523831205, 1.21584575203387, 0.253286302486163, 
0.743689647005761, 0.311157766566358, 0.864190604634757, 1.45589699900772, 
1.24259285884258, 0.948298674454174, 0.943566146741498, 1.293648177476, 
1.31576290158754, 0.775202859251302, 1.7987806093361, 0.772441947800851, 
1.7396673164204, 0.840205486489905, 1.64375293493397, 1.29811357703096, 
-0.190217948514765, 1.04850434466077, 1.03389605136882, 2.25664825446655, 
0.642722125063317, 0.914007438724253, -0.323671791796906, 1.16692373544595, 
NA, NA, 0.395429329060025, 0.956875892982125, -0.081326497591235, 
2.36391439465348, 0.32010099914224, 0.305985541577375, 0.225609645664175, 
0.194437422985375, -0.691683411913438, 0.602188946821515, 0.064761483259487, 
0.100918113655166, 0.51705770662144, 0.454458677379261, 1.24729476315069, 
0.365773758212471, 0.116185493564502, 1.58712479296895, 0.451736905951459, 
0.631356019462147, 0.242918424210089, 0.691427247766544, 0.583143502221928, 
0.0723984431846035, 1.12053713806707, 0.2138402000657, -0.220170343342039, 
1.33885653626872, 1.77235743442955, 1.1842070324727, 0.769990124655171, 
0.172480631161786, 0.0420333419734124, 2.42222442057128, 1.20313669862027, 
0.294367882892591, 0.577607227331055, -0.876606062739835, 1.23249117066152, 
0.620463398496758, 1.21071483081221, 1.85743270562211, 0.882742490768083, 
1.10728071677556, 0.860939066840445, 0.919026418346527, 0.376536057239163, 
0.235277949191198, 0.771316852718382, 0.689983061891027, 1.68730292371628, 
1.37096233792644, 2.02438450166569, 2.0446297586869, 0.914055325632283, 
0.514743023416297, 0.187389925479488, 1.03729004851195, 1.24840275863951, 
-0.48483772958719, 1.08930316287595, 0.497085249895981, -0.256764274738281, 
0.636648198780588, 1.19509635847092, 0.91239103856388, 0.762344980646105, 
1.88059638225618, -0.943877791514408, -0.568249155283786, 0.0626099289439821, 
1.21499376984068, 0.152092941143757, -0.0675568502654635, 0.914118287744676, 
1.67952122390566, 1.10986060289897, -0.366008720061317, 0.721833297484072, 
0.364702237912752, -0.0405772652797019, 1.28203034900696, 0.67739217030953, 
1.11926261363842, 0.0879747333357396, -0.252055969962464, 0.545081722025105, 
1.58762611167457, -0.421515173440843, 1.13016118359632, 1.86232918756299, 
0.28586010204529, 0.0715890356991072, 1.30585853511393, 1.17500018109438, 
0.648227921531648, 0.355665332641448, 0.837924477012004, 1.20819539347668, 
0.3657914607474, 0.679193329486313, 1.21836976617415, 1.49875332308498, 
-0.0866745773340423, 1.36821744927707, -0.294860461727972, -0.343021728329899, 
1.72397733161907, 0.799370226427909, 2.30005224255976, 0.617865321148302, 
1.90686461398056, 0.511894705213456, 1.22387928647088, 0.79101716612468, 
0.78010241198952, 0.391107592847439, -0.343208876288902, 0.317719763635851, 
0.310695835785313, 1.43319727784854, 1.0001903892636, 0.375277201632646, 
1.05575247451852, -0.422363478532871, 0.620434438414843, 1.33955167545949, 
1.09072074260653, 0.122439191150973, 1.52964130113715, 0.938313887438114, 
1.13989550813465, -0.856869711492107, 0.112059651326818, 0.456642423849459, 
0.164179804116958, NA, NA, 1.02786068199067, 0.298257247030804, 
1.81474133751728, 0.261411372236304, 1.54960828048845, 0.0756095079038783, 
0.377167072703675, 1.10810245820242, 1.72845360148989, 0.612529149919988, 
0.292482691025473, 0.665923566866856, 0.12494684906366, -0.356283706594578, 
0.839205582409534, 1.41913420075914, 0.869526677743435, 0.62235082158089, 
1.28324387419803, NA, NA, 0.322717508150944, 2.10000860947254, 
1.61462625421906, 1.26623363735241, 0.564895548614339, 1.2699610891745, 
0.41701214129546, 1.85104242931485, 0.946480177360768, 1.10665923394579, 
0.666505181378393, 1.8422500753788, 0.622567091278412, 2.05597418428075, 
0.992773143937579, 1.56114078405378, 1.25784721869025, -0.341514133718557, 
0.691364030409825, 0.903206778674621, 0.735783089717385, 2.29544168550662, 
0.502217690046984, 1.72551588969117, 0.345670486881035, 0.852717108690421, 
1.6265985162044, 1.06164220416392, 0.951832410262634, 0.195463351758632, 
1.65678311189102, 0.421170577698218, 1.40491113035361, 0.700619831812374, 
1.20529170823081, 1.35033394078294, 1.69431474543254, 0.0215704475571172, 
1.03188224341155, 0.156673480393597, 0.311915058075778, 0.281869530632084, 
0.260026466036986, 0.967376736592803, -0.0482826667358749, 0.211374066944525, 
-0.712828459326846, 0.701491181151556, -0.153293731203991, -0.0667207772896228, 
1.58540240328528, 1.48943087893526, 2.05622218349823, 0.182489285993513, 
0.725671087381548, 0.730108128560264, 1.07614091219978, -0.080180786357953, 
1.24706535085087, -0.748357369676455, 1.28889779423726, 0.0310270128029239, 
-0.285370226941207, 1.42004685699881, 1.0990919234978, 0.857744934358521, 
1.28430973300732, NA, NA, 2.06393217989838, 1.75284555525552, 
2.10860954579962, 0.431954253969196, 1.30254540723789, 2.62002826515881, 
1.46605336765869, 0.244250876072833, 0.992884026051867, 0.843810656514559, 
1.94291631773079, -0.262442082450544, 0.396436392839847, 0.0633771679506579, 
1.24371043661417, 0.52038704350363, 1.32611267833107, 0.306637110774413, 
0.323777407469538, 0.296034944679213, 1.82948745319708, 1.84356424552432, 
-0.346846686547868, 1.56126403225007, 2.1622912539841, 0.268452614968987, 
0.726740696932398, 0.600041047013557, 0.710252812073017, -1.29410457804183, 
1.47045792805094, 0.684113404763521, 1.46851786222863, 1.575869724086, 
0.710817480877605, 0.0996362476611552, 2.07523215052048, 0.909742352130371, 
1.26964262836766, 0.844707567815404, 0.0321958322916376, -0.261452678260194, 
-0.321937890165225, 1.12978974832774, 0.838368443371091, 1.4113347563079, 
-0.00751713073375334, 1.44864659584289, 2.43178933087764, 1.79099625358769, 
1.68663352673767, 0.614144494828478, 0.57054849662168, 2.0517411455285, 
0.347488689175028, 0.494077304635967, 2.5178650947612, 0.0999170050635679, 
-0.337943255377702, 0.151026169744253, -0.390390032477695, 1.40039022193641, 
1.10259008339957, 1.886927726948, -0.539977776560481, -0.220231967221845, 
-0.15865533328568, 0.16176434238233, 0.212491487587642, 1.29032654553699, 
1.60230211903018, 0.992570779679522, -0.464709427421582, 0.247302465418132, 
-0.242863679931511, 1.76692518328384, 0.259834916717863, 1.05005146209645, 
0.323529521821087, 0.789667162799337, 1.09909444405486, 0.980916048276828, 
1.1232951729991, 0.845060538184085, 1.60977441268609, 1.20306497057659, 
0.51514094952629, -0.165200456305816, 1.12893439852545, 1.20907356632131, 
1.54180817536936, 0.742830343795432, 1.59964222154941, 0.803886251307516, 
0.921757721874475, -0.412445679566915, -0.882277211406561, 0.657640429954453, 
0.166071125551075, -0.220142415641429, 0.404864813376703, 1.08473977551579, 
0.763794934502826, 1.23356739467886, 1.10279010350168, 1.20006068761723, 
1.28418728497469, 0.536890097574594, 0.0122873920508242, 1.62003697577904, 
0.789997735425339, 0.112724508655782, 0.598862403391966, 0.477100808649826, 
0.276545208997956, 1.42470312827627, 2.19462582217086, -0.762993351161139, 
0.142827838631094, 0.144736974704093, 2.73010392032246, -0.0985522420003001, 
-0.0118782626083537, -0.235891594948803, 0.590913641488653, 1.25615349962223, 
-0.524657987632678, 1.23697713042023, 0.980577720063196, 0.785276266009864, 
1.13600057264558, 0.646974114406361, 0.125519407163482, 0.752918232904084, 
1.11234863908297, 0.948012140227829, 0.725261894073399, 1.63810583171544, 
0.657542776044663, 1.00185570245403, -0.358245520512022, 1.5782291623222, 
0.787476442311521, 1.14190806864193, 1.86724469564242, -0.0855896211791743, 
1.07225293296424, 0.895502996225681, 0.645423342177295, 0.175833033034616, 
-0.0187092025739508, 0.537791834366529, 0.280331047535478, 0.824586136702043, 
0.743841799537601, 0.483099733053016, 0.943312702936334, 1.13270368929576, 
1.42730695559067, 1.84699285496093, NA, NA, NA, NA, NA, NA, NA, 
NA, NA, NA, NA, NA, NA, NA, NA, NA, NA, NA, NA, NA, NA, NA, NA, 
NA, NA, NA, NA, NA, NA, NA, NA, NA, NA, NA, NA, NA, NA, NA, NA, 
NA, NA, NA, NA, NA, NA, NA, NA, NA, NA, NA, NA, NA, NA, NA, NA, 
NA, NA, NA, NA, NA, NA, NA, NA, NA, NA, NA, NA, NA, NA, NA, NA, 
NA, NA, NA, NA, NA, NA, NA, NA, NA, NA, NA, NA, NA, NA, NA, NA, 
NA, NA, NA, NA, NA, NA, NA, NA, NA, NA, NA, NA, NA, NA, NA, NA, 
NA, NA, NA, NA, NA, NA, NA, NA, NA, NA, NA, NA, NA, NA, NA, NA, 
NA, NA, NA, NA, NA, NA, NA, NA, NA, NA, NA, NA, NA, NA, NA, NA, 
NA, NA, NA, NA, NA, NA, NA, NA, NA, NA, NA, NA, NA, NA, NA, NA, 
NA, NA, NA, NA, NA, NA, NA, NA, NA, NA, NA, NA, NA, NA, NA, NA, 
NA, NA, NA, NA, NA, NA, NA, NA, NA, NA, NA, NA, NA, NA, NA, NA, 
NA, NA, NA, NA, NA, NA, NA, NA, NA, NA, NA, NA, NA, NA, NA, NA, 
NA, NA, NA, NA, NA, NA, NA, NA, NA, NA, NA, NA, NA, NA, NA, NA, 
NA, NA, NA, NA, NA, NA, NA, NA, NA, NA, NA, NA, NA, NA, NA, NA, 
NA, NA, NA, NA, NA, NA, NA, NA, NA, NA, NA, NA, NA, NA, NA, NA, 
NA, NA, NA, NA, NA, NA, NA, NA, NA, NA, NA, NA, NA, NA, NA, NA, 
NA, NA, NA, NA, NA, NA, NA, NA, NA, NA, NA, NA, NA, NA, NA, NA, 
NA, NA, NA, NA, NA, NA, NA, NA, NA, NA, NA, NA, NA, NA, NA, NA, 
NA, NA, NA, NA, NA, NA, NA, NA, NA, NA, NA, NA, NA, NA, NA, NA, 
NA, NA, NA, NA, NA, NA, NA, NA, NA, NA, NA, NA, NA, NA, NA, NA, 
NA, NA, NA, NA, NA, NA, NA, NA, NA, NA, NA, NA, NA, NA, NA, NA, 
NA, NA, NA, NA, NA, NA, NA, NA, NA, NA, NA, NA, NA, NA, NA, NA, 
NA, NA, NA, NA, NA, NA, NA, NA, NA, NA, NA, NA, NA, NA, NA, NA, 
NA, NA, NA, NA, NA, NA, NA, NA, NA, NA, NA, NA, NA, NA, NA, NA, 
NA, NA, NA, NA, NA, NA, NA, NA, NA, NA, NA, NA, NA, NA, NA, NA, 
NA, NA, NA, NA, NA, NA, NA, NA, NA, NA, NA, NA, NA, NA, NA, NA, 
NA, NA, NA, NA, NA, NA, NA, NA, NA, NA, NA, NA, NA, NA, NA, NA, 
NA, NA, NA, NA, NA, NA, NA, NA, NA, NA, NA, NA, NA, NA, NA, NA, 
NA, NA, NA, NA, NA, NA, NA, NA, NA, NA, NA, NA, NA, NA, NA, NA, 
NA, NA, NA, NA, NA, NA, NA, NA, NA, NA, NA, NA, NA, NA, NA, NA, 
NA, NA, NA, NA, NA, NA, NA, NA, NA, NA, NA, NA, NA, 0.650684497860282
)), row.names = c(NA, 1000L), class = "data.frame")
